mrxlocation,detectivelocation1,detectivelocation2,detectivelocation3,detectivelocation4,detectivelocation5,detective1taxi,detective1bus,detective1train,detective2taxi,detective2bus,detective2train,detective3taxi,detective3bus,detective3train,detective4taxi,detective4bus,detective4train,detective5taxi,detective5bus,detective5train,mrxtaxi,mrxbus,mrxtrain,mrxdouble,mrxsecret,turnsleft,newmrxlocation
45,94,91,117,26,155,11,8,4,11,8,4,11,8,4,11,8,4,11,8,4,4,3,3,2,5,24,79
79,156,39,105,116,74,10,8,4,10,8,4,10,8,4,10,8,4,11,7,4,7,4,2,1,5,22,47
47,89,25,75,140,118,10,7,4,9,8,4,10,7,4,10,7,4,9,8,4,9,6,1,0,5,20,62
62,134,38,82,67,58,8,8,4,8,8,4,10,6,4,10,7,3,9,7,4,11,7,2,0,5,19,48
48,65,24,127,79,75,9,6,4,7,8,4,7,8,4,10,7,2,8,7,4,14,7,3,0,5,18,34
45,50,26,112,123,117,11,8,4,11,8,4,11,8,4,11,8,4,11,8,4,4,3,3,2,5,24,13
13,38,27,165,129,100,10,8,4,10,8,4,11,7,4,10,8,4,10,8,4,7,4,2,1,5,22,37
37,135,180,26,24,111,9,8,4,10,7,4,9,8,4,9,8,4,10,7,4,11,4,2,0,4,20,50
50,79,13,15,153,128,10,7,3,8,8,4,8,8,4,10,6,4,9,7,4,12,6,3,0,4,19,37
37,140,111,41,67,24,9,7,3,10,6,3,8,7,4,10,7,2,7,8,4,12,7,6,0,4,18,50
50,28,37,79,23,82,7,7,4,6,8,4,10,6,2,10,6,2,9,6,3,13,9,7,0,4,17,38
38,65,37,67,16,36,8,6,3,9,6,2,10,6,1,6,7,4,5,8,4,16,9,8,0,4,16,25
25,15,37,67,51,50,5,7,4,4,8,4,8,5,3,9,6,1,8,6,2,19,10,8,0,4,15,39
172,91,138,141,26,53,11,8,4,11,8,4,11,8,4,11,8,4,11,8,4,4,3,3,2,5,24,159
159,69,133,39,124,105,10,8,4,10,8,4,10,8,4,10,8,4,10,8,4,8,3,3,2,5,23,170
170,111,140,52,107,25,10,7,4,10,7,4,9,8,4,10,7,4,9,8,4,9,6,3,2,5,22,115
115,38,67,133,124,105,8,8,4,9,7,4,10,6,4,9,7,4,10,6,4,10,9,3,1,4,20,114
114,108,51,82,111,140,10,5,4,7,8,4,9,6,4,8,7,4,9,6,4,12,11,3,1,4,19,131
131,140,133,124,67,135,9,5,4,9,5,4,8,6,4,6,8,4,10,4,4,12,15,3,1,4,18,112
112,161,111,127,52,132,9,4,4,8,5,4,8,5,4,6,7,4,8,5,4,13,17,3,0,4,16,99
99,13,102,114,100,135,6,6,4,8,4,4,7,5,4,8,4,4,8,4,4,14,20,3,0,4,15,110
110,143,67,131,46,112,7,4,4,8,3,4,6,5,4,6,6,3,7,4,4,16,21,4,0,4,14,98
98,128,99,130,111,34,6,4,4,6,4,4,5,5,4,8,3,3,6,5,3,18,22,5,0,4,13,97
97,112,139,124,63,140,5,4,4,4,5,4,8,2,3,6,4,3,6,4,3,19,24,6,0,4,12,78
78,109,154,34,89,111,7,2,3,3,5,4,6,3,3,6,4,2,4,4,4,21,25,7,0,4,11,77
77,13,153,46,97,79,6,4,1,3,4,4,6,2,3,6,2,3,4,4,3,22,27,9,0,3,10,95
95,46,58,109,124,62,6,4,0,6,1,3,5,2,3,3,3,4,3,4,3,23,29,10,0,3,9,122
122,97,61,59,45,77,4,2,3,2,4,3,5,1,3,5,4,0,3,2,4,26,30,10,0,3,8,123
123,58,109,75,62,124,4,4,0,3,2,3,4,1,3,1,4,3,3,1,4,30,30,10,0,3,7,165
165,58,77,79,124,111,3,1,3,4,3,0,0,4,3,2,2,3,2,1,4,34,30,10,0,3,6,179
179,57,163,95,46,123,2,1,3,2,1,3,3,3,0,0,4,2,2,1,3,35,31,12,0,3,5,164
164,78,58,122,153,148,0,3,2,1,1,3,2,3,0,2,1,2,1,1,3,37,32,13,0,3,4,178
178,44,144,79,164,111,0,1,3,2,2,0,0,2,2,0,1,3,2,1,1,38,34,14,0,3,3,189
189,111,123,153,44,164,0,2,1,2,1,0,2,1,0,0,1,3,0,1,3,37,35,16,0,3,2,176
176,122,153,180,44,164,2,0,0,0,2,0,2,0,0,0,1,3,0,1,3,36,37,17,0,3,1,163
78,50,91,94,29,174,11,8,4,11,8,4,11,8,4,11,8,4,11,8,4,4,3,3,2,5,24,67
67,90,49,175,41,74,10,8,4,10,8,4,10,8,4,10,8,4,11,7,4,8,3,2,1,5,22,100
100,94,171,40,105,36,11,6,4,9,8,4,9,8,4,9,8,4,9,8,4,12,2,2,0,5,20,113
113,89,41,199,49,74,8,8,4,8,8,4,8,8,4,8,8,4,11,5,4,16,3,2,0,4,19,114
114,94,50,161,87,105,11,4,4,7,8,4,8,7,4,8,7,4,7,8,4,17,6,2,0,4,18,115
115,89,86,199,49,93,7,7,4,8,6,4,8,6,4,6,8,4,10,4,4,18,9,2,0,4,17,114
114,79,161,36,102,140,10,4,3,8,5,4,5,8,4,8,5,4,7,7,3,18,11,4,0,4,16,131
131,199,63,35,115,132,8,4,4,9,4,3,4,8,4,7,5,4,6,7,3,21,12,4,0,4,15,130
130,65,114,64,128,102,3,8,4,5,7,3,8,4,3,8,3,4,6,5,4,24,13,4,0,4,14,124
124,63,67,185,82,115,7,4,3,6,4,4,8,3,3,3,7,4,4,7,3,25,15,5,0,4,13,77
77,51,140,127,79,128,5,4,4,3,6,4,3,7,3,7,3,3,8,3,2,27,16,6,0,4,12,124
124,161,133,139,67,78,8,2,2,2,7,3,2,6,4,4,4,4,6,3,3,31,16,6,0,4,11,109
109,130,97,157,128,111,1,6,4,5,3,3,2,6,3,8,1,2,4,4,3,32,18,7,0,4,10,110
78,53,141,26,174,138,11,8,4,11,8,4,11,8,4,11,8,4,11,8,4,4,3,3,2,5,24,79
79,161,69,152,15,158,10,8,4,10,8,4,10,8,4,10,8,4,10,8,4,9,2,2,1,5,22,47
47,141,14,153,68,107,9,8,4,9,8,4,9,8,4,9,8,4,10,7,4,12,3,1,0,5,20,62
62,105,13,133,180,51,10,6,4,9,7,4,8,8,4,9,7,4,8,8,4,13,6,1,0,5,19,48
48,127,67,153,89,14,7,8,4,7,8,4,9,6,4,9,6,4,9,6,4,15,8,1,0,5,18,35
35,25,124,102,67,65,8,6,4,9,5,4,7,7,4,9,6,3,7,7,4,15,11,2,0,5,17,36
36,67,77,66,35,14,7,6,4,9,4,4,8,6,3,6,7,4,7,6,4,17,13,2,0,5,16,37
37,15,36,78,49,13,7,5,4,5,7,4,9,3,4,7,6,3,7,6,3,18,15,3,0,5,15,24
170,112,91,26,174,123,11,8,4,11,8,4,11,8,4,11,8,4,11,8,4,4,3,3,2,5,24,159
159,124,161,39,111,107,11,7,4,10,8,4,10,8,4,10,8,4,10,8,4,7,4,3,2,5,23,198
198,72,67,128,77,25,10,7,4,10,8,3,10,7,4,11,6,4,9,8,4,7,7,4,2,5,22,186
186,14,124,89,105,199,8,8,4,11,5,4,10,8,2,10,6,4,10,6,4,7,10,5,2,5,21,159
159,89,128,153,13,198,10,5,4,10,8,1,11,4,4,8,7,4,9,6,4,7,13,6,2,5,20,141
141,199,89,187,140,124,8,6,4,8,7,3,10,7,1,10,5,3,11,3,4,6,15,8,1,5,18,127
127,172,171,130,128,126,9,7,1,7,6,4,10,3,4,8,7,2,9,5,3,8,15,9,0,5,16,102
102,199,124,140,159,114,6,6,4,9,3,4,8,7,1,8,7,1,8,5,3,12,14,10,0,5,15,67
67,156,77,158,128,113,8,6,1,9,2,4,7,7,1,6,5,4,7,5,3,14,16,10,0,5,14,23
23,142,96,169,114,89,6,7,1,8,2,4,7,6,1,6,5,3,6,5,3,18,16,11,0,4,13,12
12,97,115,129,184,13,7,2,4,5,5,3,5,7,1,6,6,1,6,5,2,21,16,12,0,4,12,3
3,156,46,118,127,78,6,5,1,6,5,1,4,7,1,4,5,3,6,2,4,23,17,13,0,4,11,22
22,46,102,116,140,1,6,1,4,4,4,3,3,7,1,5,5,1,6,5,0,25,18,14,0,4,10,65
65,46,86,13,153,67,6,4,0,3,6,1,6,1,3,5,5,0,4,3,3,25,20,16,0,4,9,63
63,167,52,65,23,47,4,5,0,3,5,1,4,2,3,6,0,3,5,4,0,27,22,16,0,4,8,80
80,62,22,153,63,67,4,4,0,5,0,3,3,5,0,4,1,3,3,4,1,30,24,16,0,3,7,99
99,34,166,100,79,111,4,0,3,2,5,0,4,0,3,3,4,0,3,4,0,32,25,17,0,3,6,112
35,112,91,138,174,155,11,8,4,11,8,4,11,8,4,11,8,4,11,8,4,4,3,3,2,5,24,37
37,154,161,124,105,100,10,8,4,10,8,4,10,8,4,10,8,4,10,8,4,7,3,3,1,5,22,37
37,63,77,128,140,107,10,7,4,10,7,4,10,7,4,9,8,4,10,7,4,6,7,3,0,5,20,50
50,106,82,89,78,100,9,7,4,9,7,4,10,7,3,9,7,4,10,6,4,7,9,4,0,5,19,37
37,81,66,105,77,88,9,6,4,8,7,4,8,7,4,9,6,4,9,7,3,10,10,4,0,5,18,24
24,87,117,64,78,65,8,6,4,8,7,3,8,6,4,8,6,4,7,7,4,13,11,4,0,5,17,13
13,61,63,116,88,82,7,6,4,7,6,4,7,7,3,7,6,4,7,6,4,16,12,4,0,5,16,23
23,100,127,79,46,89,7,5,4,7,6,3,6,6,4,6,6,4,6,6,4,19,13,4,0,5,15,12
12,13,79,67,82,116,6,6,3,6,6,3,6,6,3,7,4,4,7,5,3,18,15,7,0,5,14,3
3,66,67,65,52,104,6,4,4,6,6,2,6,5,3,6,5,3,6,5,3,19,17,8,0,5,13,11
11,116,49,51,68,22,5,5,3,5,4,4,5,5,3,5,6,2,6,4,3,23,18,8,0,4,12,10
10,52,67,86,66,34,4,5,3,4,6,2,5,4,3,4,4,4,6,3,3,25,20,8,0,4,11,2
2,65,52,67,23,10,3,4,4,5,3,3,4,4,3,4,5,2,5,3,3,26,23,8,0,4,10,20
20,79,13,2,3,22,4,4,2,5,2,3,4,3,3,4,4,2,3,3,4,26,26,9,0,4,9,9
9,34,23,20,78,46,3,2,4,4,3,2,3,3,3,4,3,2,5,2,2,26,29,10,0,4,8,19
19,46,13,1,33,10,4,2,2,3,3,2,5,2,1,2,3,3,2,2,4,28,30,11,0,4,7,32
45,155,94,50,53,123,11,8,4,11,8,4,11,8,4,11,8,4,11,8,4,4,3,3,2,5,24,76
76,156,40,124,38,93,10,8,4,10,8,4,10,8,4,10,8,4,10,8,4,7,3,3,1,5,22,62
62,25,111,154,53,92,9,8,4,10,7,4,10,7,4,9,8,4,9,8,4,8,5,3,0,5,20,48
48,140,40,73,153,38,9,7,4,8,8,4,8,8,4,10,7,3,8,8,4,11,5,4,0,5,19,63
63,24,111,52,92,82,7,8,4,10,7,2,7,8,4,7,8,4,9,6,4,13,6,5,0,5,18,80
80,74,67,79,13,65,6,8,4,7,7,4,10,7,1,6,8,4,8,6,4,16,7,6,0,4,17,100
100,52,63,46,66,111,6,7,4,10,6,1,6,8,3,7,6,4,7,7,3,16,9,8,0,4,16,101
101,34,13,82,112,80,6,7,3,6,6,4,6,6,4,6,7,3,9,6,1,18,11,8,0,4,15,114
114,100,23,99,125,48,6,5,4,6,5,4,8,6,1,5,7,3,5,7,3,20,13,8,0,4,14,115
115,63,110,22,131,82,4,7,3,7,6,1,5,5,4,4,7,3,6,4,4,23,14,8,0,4,13,108
108,98,114,23,65,101,6,6,1,3,7,3,5,4,4,4,6,3,5,4,4,26,16,8,0,3,12,119
119,83,13,79,82,126,4,4,4,4,4,4,5,6,1,4,5,3,2,7,3,29,17,8,0,3,11,136
136,140,89,102,115,63,4,4,3,4,4,3,3,4,4,1,7,3,4,6,1,31,18,9,0,3,10,162
162,82,65,103,127,128,4,3,3,4,5,1,2,4,4,0,7,3,4,4,2,32,20,10,0,3,9,136
136,86,67,140,116,161,1,4,4,4,4,1,4,2,3,0,6,3,4,3,2,32,24,10,0,3,8,119
119,174,108,89,87,128,3,3,2,0,5,3,4,4,0,1,3,4,4,2,2,32,26,12,0,3,7,107
107,71,105,116,175,161,3,4,0,1,2,4,0,4,3,2,3,2,4,1,2,33,29,12,0,3,6,119
119,108,107,72,106,162,0,3,3,4,0,2,2,4,0,0,2,4,1,3,2,35,31,12,0,3,5,136
78,91,53,155,103,174,11,8,4,11,8,4,11,8,4,11,8,4,11,8,4,4,3,3,2,5,24,79
79,86,175,154,69,105,10,8,4,10,8,4,10,8,4,10,8,4,10,8,4,9,2,2,1,5,22,47
47,162,86,140,106,52,9,8,4,9,8,4,10,7,4,9,8,4,10,7,4,11,4,1,0,5,20,62
62,105,102,136,51,89,8,8,4,9,7,4,8,8,4,9,7,4,10,7,3,13,5,2,0,5,19,48
48,135,86,89,67,52,7,8,4,9,6,4,7,8,4,10,7,2,8,7,4,15,6,3,0,5,18,63
63,13,52,51,23,128,7,8,3,9,5,4,7,7,4,10,6,2,7,7,4,15,9,4,0,5,17,100
100,13,52,160,67,46,9,6,2,6,7,4,6,7,4,9,4,4,7,8,2,18,9,5,0,5,16,101
101,78,128,67,86,111,7,7,2,5,7,4,9,6,1,6,6,4,9,4,3,19,11,7,0,4,15,114
114,100,104,89,102,77,9,3,3,5,6,4,5,7,3,9,5,1,7,6,2,19,14,8,0,4,14,126
126,86,63,58,140,67,4,6,4,9,2,3,7,5,2,5,7,2,9,4,1,19,17,9,0,4,13,115
115,1,82,80,52,111,7,4,2,5,6,2,8,2,3,4,5,4,9,4,0,19,20,10,0,4,12,126
126,13,8,99,100,67,4,4,4,6,4,2,7,2,3,9,3,0,5,5,2,20,23,10,0,4,11,140
140,89,98,1,101,102,4,4,3,6,2,3,5,4,2,8,3,0,5,4,2,22,24,11,0,4,10,153
153,58,103,128,114,110,5,3,2,4,4,2,4,4,2,7,3,0,5,2,3,25,25,12,0,3,9,180
180,126,86,109,185,46,6,3,0,3,4,2,4,2,3,4,4,1,5,2,2,28,25,13,0,3,8,193
193,116,115,110,13,128,3,3,2,5,3,0,3,2,3,5,2,1,4,4,0,29,26,15,0,3,7,181
181,108,126,109,142,52,3,2,2,4,3,0,2,2,3,4,3,0,5,1,1,30,29,15,0,3,6,182
182,40,135,114,158,124,4,1,1,3,1,2,3,3,0,3,3,0,1,2,3,33,30,15,0,3,5,195
195,115,52,142,153,128,2,3,0,3,1,1,2,3,0,1,1,3,3,0,2,35,32,15,0,3,4,194
194,185,157,102,67,180,3,0,1,2,2,0,1,3,0,3,0,1,1,0,3,35,35,16,0,3,3,192
192,51,115,184,170,181,2,0,1,0,3,0,2,0,1,1,2,0,0,0,3,40,35,16,0,2,2,190
190,39,168,157,115,181,1,0,1,1,0,1,0,2,0,0,3,0,0,0,3,42,35,16,0,2,1,180
104,26,91,174,29,53,11,8,4,11,8,4,11,8,4,11,8,4,11,8,4,4,3,3,2,5,24,116
116,69,161,105,27,16,10,8,4,10,8,4,10,8,4,10,8,4,10,8,4,8,3,3,2,5,23,133
133,15,26,108,199,52,9,8,4,9,8,4,9,8,4,10,7,4,9,8,4,10,4,3,1,5,21,126
126,116,39,86,14,198,9,7,4,8,8,4,9,7,4,9,7,4,9,7,4,11,7,3,0,4,19,114
114,187,13,104,52,127,8,7,4,9,6,4,8,7,4,7,8,4,8,7,4,14,8,3,0,4,18,101
101,86,115,116,185,67,7,7,4,7,7,4,7,7,4,8,6,4,9,6,3,15,10,4,0,4,17,100
100,127,114,102,153,79,7,6,4,6,7,4,7,6,4,8,6,3,9,6,2,15,12,6,0,4,16,82
82,67,133,101,46,154,7,5,4,6,6,4,5,7,4,9,6,1,7,6,3,18,13,7,0,3,15,81
81,34,140,79,100,153,9,5,1,6,5,4,7,5,3,4,7,4,7,5,3,19,16,8,0,2,14,64
64,111,124,82,22,67,4,6,4,7,4,3,6,4,4,9,4,1,7,5,2,18,20,9,0,2,13,63
63,65,79,100,124,153,9,3,1,7,5,1,6,3,4,4,5,4,7,3,3,17,24,10,0,2,12,34
34,77,140,111,22,63,4,4,4,7,3,2,6,2,4,9,2,1,7,4,1,17,27,11,0,2,11,46
46,34,79,153,94,48,8,2,1,6,2,3,7,3,1,4,3,4,6,4,1,19,28,13,0,1,10,13
13,111,35,22,78,74,7,3,0,5,4,1,8,1,1,6,1,3,4,2,4,20,31,13,0,1,9,89
89,61,100,22,46,11,5,1,3,7,2,0,4,4,1,4,2,3,7,1,1,23,32,13,0,1,8,128
128,113,62,22,13,23,6,2,0,4,1,3,6,1,1,4,2,2,4,3,1,26,33,14,0,0,7,161
161,23,125,79,67,89,5,1,1,5,2,0,3,1,3,4,2,1,4,2,1,29,33,15,0,0,6,174
174,67,131,82,13,71,3,1,2,4,2,0,4,1,1,5,0,1,3,2,1,30,35,16,0,0,5,173
173,140,130,84,72,89,4,0,1,3,2,0,2,1,2,2,2,1,5,0,0,32,36,17,0,0,4,171
171,67,105,139,128,107,1,1,2,4,0,0,2,2,0,4,0,0,2,1,1,34,37,18,0,0,3,173
173,108,89,154,188,161,3,0,0,1,1,1,1,2,0,3,0,0,2,0,1,36,38,19,0,0,2,171
171,135,128,117,88,156,1,0,1,2,0,0,2,0,0,0,1,1,1,1,0,39,39,19,0,0,1,199
127,112,94,141,123,138,11,8,4,11,8,4,11,8,4,11,8,4,11,8,4,4,3,3,2,5,24,127
127,142,77,152,149,100,10,8,4,11,7,4,10,8,4,10,8,4,10,8,4,6,4,3,1,5,22,127
127,82,123,78,153,143,10,7,4,9,8,4,11,6,4,9,8,4,9,8,4,9,4,3,0,5,20,126
126,79,124,128,111,101,10,6,4,9,7,4,8,8,4,9,8,3,9,7,4,12,5,4,0,4,19,115
115,89,111,153,93,114,8,8,3,8,7,4,9,8,2,10,6,3,8,7,4,13,5,7,0,4,18,157
157,92,113,154,79,67,9,6,3,7,7,4,8,8,2,8,7,3,8,8,2,16,5,9,0,3,17,133
133,67,93,114,102,140,8,7,2,8,6,3,6,7,4,8,7,2,8,7,2,18,6,10,0,3,16,157
157,94,131,127,154,89,7,6,3,5,7,4,8,6,2,8,6,2,8,7,1,20,7,11,0,3,15,194
194,156,128,130,115,77,8,5,2,8,7,0,4,7,4,7,6,2,7,5,3,22,9,12,0,2,14,195
195,58,127,139,154,142,7,4,3,6,6,2,3,7,4,8,4,2,8,6,0,24,12,12,0,1,13,194
194,156,153,116,133,46,8,3,2,2,7,4,8,5,0,6,5,2,7,3,3,24,16,12,0,1,12,193
193,127,79,184,167,157,7,5,0,7,3,2,8,2,2,1,7,4,6,4,2,25,18,13,0,1,11,194
194,156,111,133,153,180,5,4,2,7,3,1,6,5,0,0,7,4,8,1,2,27,19,14,0,1,10,192
192,154,163,180,193,157,5,3,2,7,3,0,0,6,4,7,1,2,6,4,0,28,22,15,0,0,9,190
127,155,141,123,53,26,11,8,4,11,8,4,11,8,4,11,8,4,11,8,4,4,3,3,2,5,24,126
126,39,69,142,167,148,10,8,4,10,8,4,10,8,4,10,8,4,10,8,4,7,3,3,1,5,22,131
131,149,68,153,52,116,9,8,4,9,8,4,9,8,4,9,8,4,10,7,4,9,4,3,0,5,20,125
125,127,39,67,163,123,10,6,4,8,8,4,8,8,4,9,8,3,8,8,4,11,5,4,0,5,19,112
112,51,124,102,111,133,7,8,4,8,7,4,8,7,4,9,8,2,9,6,4,12,7,5,0,5,18,99
99,140,100,67,38,153,9,5,4,9,7,2,8,6,4,6,8,4,8,6,4,12,11,5,0,5,17,110
110,51,124,89,80,111,5,8,4,8,5,4,9,5,3,8,7,2,8,6,3,13,12,7,0,5,16,98
98,124,13,67,99,109,8,5,3,9,5,2,4,8,4,7,7,2,7,5,4,15,13,8,0,5,15,97
97,112,46,79,77,110,6,7,2,9,5,1,4,8,3,8,4,3,6,5,4,16,14,10,0,5,14,98
98,99,79,96,109,78,5,7,2,9,5,0,7,4,3,5,5,4,4,7,3,18,15,11,0,5,13,110
106,103,91,94,155,138,11,8,4,11,8,4,11,8,4,11,8,4,11,8,4,4,3,3,2,5,24,89
89,124,167,105,102,75,10,8,4,10,8,4,10,8,4,10,8,4,10,8,4,8,2,3,1,5,22,82
82,59,89,183,153,115,9,8,4,10,7,4,9,8,4,10,7,4,9,8,4,11,4,2,0,4,20,65
65,196,127,76,140,184,8,8,4,8,8,4,8,8,4,10,7,3,10,6,4,13,5,3,0,4,19,64
64,61,133,184,132,197,7,8,4,8,7,4,7,8,4,9,7,3,9,6,4,17,6,3,0,3,18,63
63,195,140,153,157,46,8,6,4,8,7,3,7,7,4,8,6,4,6,8,4,19,8,3,0,3,17,65
65,182,156,34,111,133,7,6,4,8,5,4,6,7,4,7,7,3,7,7,3,21,9,4,0,3,16,35
35,46,127,181,79,154,6,6,4,7,6,3,6,6,4,7,7,2,8,4,4,21,12,5,0,3,15,36
36,140,180,102,47,63,7,4,4,5,6,4,7,5,3,5,6,4,6,7,2,24,13,5,0,3,14,35
35,34,190,128,64,83,4,6,4,5,5,4,7,4,3,5,7,2,6,5,3,26,14,6,0,3,13,36
36,191,89,102,81,10,5,4,4,7,4,2,5,5,3,4,7,2,3,6,4,28,15,7,0,3,12,49
49,82,21,67,163,86,3,7,2,2,6,4,7,4,1,5,3,4,5,4,3,29,17,8,0,3,11,50
50,33,52,111,66,51,1,6,4,5,3,3,5,3,3,2,7,2,6,4,1,31,18,9,0,3,10,37
37,68,79,13,82,46,5,4,1,5,3,2,5,2,3,1,7,2,0,6,4,33,19,10,0,3,9,36
36,51,13,63,67,65,4,4,1,0,6,3,5,2,2,5,2,2,1,6,2,33,21,12,0,3,8,49
49,34,39,52,46,82,5,1,2,3,4,1,5,1,2,0,6,2,1,5,2,33,24,13,0,3,7,36
36,79,65,51,25,22,0,6,1,0,5,2,4,1,2,2,4,1,5,0,2,35,25,14,0,3,6,37
37,39,38,22,67,35,1,4,1,3,1,2,0,4,2,0,6,0,4,0,2,37,26,15,0,3,5,24
24,52,82,65,50,36,0,4,1,0,5,0,0,3,2,2,1,2,3,0,2,39,28,15,0,3,4,38
38,67,22,37,13,49,0,4,0,0,2,2,2,0,2,0,3,1,1,1,2,40,31,15,0,3,3,25
25,66,52,3,24,23,0,1,2,0,2,1,0,1,2,1,0,2,0,3,0,41,34,15,0,3,2,39
39,67,37,41,22,66,0,2,0,0,0,2,0,1,1,0,0,2,0,1,2,41,37,15,0,3,1,25
45,26,174,94,117,50,11,8,4,11,8,4,11,8,4,11,8,4,11,8,4,4,3,3,2,5,24,61
61,88,37,74,161,15,10,8,4,10,8,4,11,7,4,10,8,4,10,8,4,6,4,3,1,5,22,47
47,14,160,58,23,89,9,8,4,9,8,4,11,6,4,9,8,4,9,8,4,8,5,3,0,5,20,62
62,37,128,105,74,13,8,8,4,8,8,4,8,8,4,11,5,4,9,7,4,10,7,3,0,5,19,48
48,46,87,58,89,23,9,7,3,8,7,4,10,5,4,8,8,3,7,8,4,11,8,5,0,5,18,63
63,86,22,67,34,75,8,6,4,6,8,4,8,8,2,9,6,3,9,5,4,12,10,6,0,5,17,100
100,58,48,103,89,3,8,5,4,8,6,3,7,6,4,8,8,1,6,7,4,15,10,7,0,5,16,82
82,22,102,140,63,46,6,6,4,6,6,4,8,8,0,7,6,3,8,4,4,17,12,8,0,4,15,66
66,65,13,79,83,154,6,5,4,8,4,3,6,6,3,5,6,4,8,7,0,18,14,9,0,4,14,49
49,140,111,14,102,67,8,6,0,6,6,2,8,3,3,4,6,4,6,4,4,18,17,10,0,4,13,36
36,67,25,111,79,82,4,5,4,7,3,3,6,4,3,6,6,1,8,5,0,18,19,12,0,4,12,35
35,66,67,38,63,23,7,5,0,6,4,2,6,3,3,6,5,1,4,4,4,19,21,13,0,4,11,36
36,66,48,65,22,50,5,4,2,5,5,1,6,5,0,4,3,4,5,3,3,22,22,13,0,4,10,37
127,141,123,50,103,94,11,8,4,11,8,4,11,8,4,11,8,4,11,8,4,4,3,3,2,5,24,83
83,102,124,133,74,37,10,8,4,10,8,4,10,8,4,11,7,4,10,8,4,7,3,3,1,5,22,114
114,23,92,140,130,83,9,8,4,10,7,4,10,7,4,9,8,4,9,8,4,9,4,3,0,5,20,115
115,132,93,67,124,102,9,7,4,9,7,4,9,7,4,8,8,4,8,8,4,12,5,3,0,5,19,126
126,140,86,79,130,23,8,7,4,8,7,4,9,7,3,7,8,4,9,6,4,13,7,4,0,5,18,114
114,52,124,82,93,37,8,6,4,6,8,4,8,6,4,9,7,2,8,6,4,14,9,5,0,5,17,126
126,23,79,153,67,100,7,6,4,9,7,1,6,7,4,8,5,4,8,5,4,14,12,6,0,5,16,114
114,22,63,140,66,81,7,5,4,9,6,1,6,7,3,7,5,4,7,5,4,15,14,7,0,5,15,115
115,64,82,100,65,89,6,5,4,6,5,4,9,5,1,7,4,4,6,7,2,16,16,8,0,5,14,108
108,128,63,67,113,101,6,7,1,5,5,4,7,3,4,8,5,1,5,5,4,19,17,9,0,4,13,119
119,82,111,114,80,187,4,5,4,7,3,3,7,5,1,4,5,4,6,6,1,22,18,10,0,3,12,136
136,63,132,153,67,198,3,5,4,6,5,1,7,3,2,4,4,4,5,6,1,24,19,11,0,3,11,135
135,13,186,140,65,139,4,4,3,4,6,1,5,5,1,3,4,4,6,3,2,26,20,12,0,3,10,108
108,140,67,198,89,128,5,3,2,3,3,4,3,6,1,4,4,2,5,5,0,28,20,14,0,3,9,115
115,128,89,187,105,135,5,3,1,3,3,3,2,6,1,3,4,2,5,4,0,30,21,16,0,2,8,114
114,188,129,161,71,108,1,6,1,4,4,0,5,2,1,2,3,3,2,4,2,34,22,16,0,1,7,131
131,128,142,187,116,55,5,1,1,3,4,0,0,6,1,2,3,2,1,3,3,36,24,16,0,1,6,130
130,157,89,185,140,127,3,3,0,1,2,3,0,5,1,5,1,0,2,2,2,35,28,17,0,1,5,124
124,133,13,153,115,139,3,2,0,1,2,2,0,5,0,1,2,2,4,1,0,36,29,19,0,1,4,77
77,140,154,114,130,67,2,2,0,0,4,0,0,2,2,3,1,0,1,2,1,39,30,20,0,0,3,58
58,153,124,82,133,114,0,3,0,2,1,0,1,1,1,2,1,0,0,2,2,40,32,20,0,0,2,57
57,123,180,127,65,114,1,1,0,0,2,0,1,1,0,1,0,1,0,2,2,41,34,20,0,0,1,43
127,103,91,94,117,174,11,8,4,11,8,4,11,8,4,11,8,4,11,8,4,4,3,3,2,5,24,126
126,105,173,129,86,77,10,8,4,10,8,4,10,8,4,10,8,4,11,7,4,6,4,3,1,5,22,82
82,94,118,103,174,89,11,6,4,9,8,4,9,8,4,9,8,4,10,7,4,8,6,3,0,4,20,66
66,173,142,102,140,93,8,8,4,8,8,4,8,8,4,10,7,3,10,6,4,11,6,4,0,4,19,49
49,79,188,103,141,154,10,6,3,7,8,4,7,8,4,7,8,4,9,7,3,14,6,5,0,4,18,36
36,133,102,187,93,156,6,8,4,6,8,4,6,8,4,10,6,2,9,6,3,16,7,6,0,4,17,49
49,94,127,86,140,185,10,5,2,6,7,4,6,7,4,9,5,3,6,7,4,15,12,6,0,4,16,50
50,102,128,74,52,82,6,6,4,6,7,3,10,4,2,6,6,4,9,4,3,14,16,7,0,4,15,38
38,39,46,89,67,65,5,6,4,10,4,1,6,7,2,6,5,4,9,3,3,14,18,9,0,4,14,24
24,55,51,22,13,66,6,6,2,4,6,4,9,2,3,10,4,0,5,5,4,15,20,10,0,4,13,37
37,82,23,89,67,14,4,5,4,9,1,3,6,5,2,3,6,4,10,3,0,16,23,10,0,4,12,36
36,13,23,25,22,65,6,5,1,3,5,4,9,3,0,8,1,3,4,4,4,17,25,11,0,4,11,49
49,38,65,67,37,35,8,3,0,8,0,3,6,5,0,2,5,4,3,4,4,19,26,12,0,4,10,66
71,155,141,29,50,138,11,8,4,11,8,4,11,8,4,11,8,4,11,8,4,4,3,3,2,5,24,140
140,124,41,133,156,38,10,8,4,10,8,4,10,8,4,10,8,4,10,8,4,8,3,2,1,5,22,185
185,51,140,52,111,184,9,8,4,10,7,4,10,7,4,10,7,4,10,7,4,9,7,1,0,4,20,170
170,69,156,67,163,154,9,7,4,10,6,4,8,8,4,10,7,3,10,6,4,10,9,2,0,4,19,185
185,191,111,157,153,86,10,6,3,8,8,3,9,6,4,10,5,4,8,7,4,11,11,3,0,4,18,186
186,156,112,140,179,104,8,6,4,7,8,3,10,5,3,9,6,3,7,7,4,14,11,4,0,4,17,185
185,116,165,156,111,184,6,7,4,8,6,3,10,4,3,6,8,3,8,5,4,16,13,4,0,4,16,187
187,180,142,157,67,153,8,5,3,6,6,4,10,3,3,6,8,2,8,4,4,16,17,5,0,3,15,188
188,154,89,143,184,185,7,4,4,6,8,1,5,6,4,8,4,3,10,2,3,17,19,6,0,3,14,173
173,185,128,105,140,142,8,3,3,10,2,2,6,7,1,7,3,4,4,6,4,17,22,7,0,3,13,174
174,107,133,158,187,186,6,6,1,6,3,4,3,6,4,10,1,2,7,3,3,19,24,7,0,3,12,173
173,141,142,198,128,161,5,3,4,2,6,4,6,3,3,10,0,2,6,5,1,21,26,7,0,3,11,171
171,142,134,199,160,188,4,3,4,1,6,4,5,3,3,5,5,1,9,0,2,25,26,7,0,3,10,175
175,199,142,129,173,161,8,0,2,0,6,4,3,3,4,4,5,1,5,2,3,28,27,7,0,3,9,162
162,116,135,174,171,188,0,5,4,2,3,4,4,2,3,7,0,2,3,5,1,31,28,7,0,3,8,136
170,53,91,155,103,123,11,8,4,11,8,4,11,8,4,11,8,4,11,8,4,4,3,3,2,5,24,133
133,124,86,156,107,54,11,7,4,10,8,4,10,8,4,10,8,4,10,8,4,7,3,3,1,5,22,82
82,70,106,116,111,140,9,8,4,9,8,4,10,7,4,11,6,4,9,8,4,10,4,3,0,4,20,81
81,124,105,127,71,133,10,6,4,8,8,4,10,6,4,8,8,4,8,8,4,13,5,3,0,4,19,64
64,55,157,89,153,102,7,8,4,8,7,4,8,7,4,10,5,4,10,5,4,13,9,3,0,4,18,63
63,185,115,89,140,166,8,6,4,9,5,4,7,7,4,8,7,3,9,5,4,14,11,4,0,4,17,80
80,183,114,67,153,133,8,5,4,8,5,4,7,7,3,8,6,3,8,6,3,15,12,6,0,4,16,63
63,167,111,115,157,82,7,5,4,8,6,2,7,5,4,8,5,3,7,6,3,16,14,7,0,4,15,48
48,185,102,101,153,100,8,4,3,6,5,4,6,6,3,6,5,4,8,5,2,18,16,7,0,4,14,35
35,184,140,114,80,67,7,4,3,6,5,3,5,6,3,7,5,2,6,4,4,20,17,8,0,4,13,36
36,89,101,100,153,82,6,5,2,4,6,3,6,5,2,7,3,3,6,3,4,21,19,9,0,4,12,49
49,139,63,82,67,13,6,3,3,6,4,2,3,6,3,6,2,4,6,5,1,22,21,10,0,4,11,50
50,130,65,48,24,66,5,3,3,6,1,4,5,4,2,5,5,1,2,6,3,25,22,10,0,4,10,38
38,63,139,35,37,49,6,0,4,4,3,3,4,4,2,4,5,1,1,6,3,28,23,10,0,4,9,51
51,140,50,65,24,79,3,3,3,0,6,3,3,4,2,3,5,1,5,0,4,32,23,10,0,4,8,52
52,82,67,38,133,50,3,3,2,5,0,3,2,5,1,2,3,3,0,6,3,33,24,11,0,4,7,69
69,140,100,24,51,50,2,2,3,3,2,2,1,5,1,4,0,3,0,6,3,34,26,11,0,4,6,53
53,81,89,37,68,50,2,2,2,2,2,2,0,5,1,3,0,3,0,6,3,36,26,12,0,4,5,54
54,69,71,64,37,50,2,0,3,1,2,2,1,2,2,0,5,1,0,6,3,38,26,12,0,4,4,41
41,65,55,86,37,50,0,2,2,0,2,2,1,0,3,0,5,1,0,6,3,40,26,12,0,4,3,15
15,104,29,67,37,50,0,0,3,0,1,2,0,1,2,0,5,1,0,6,3,41,27,12,0,4,2,26
26,15,111,104,37,50,0,0,2,0,1,1,0,0,3,0,5,1,0,6,3,41,28,13,0,3,1,27
45,112,50,29,117,53,11,8,4,11,8,4,11,8,4,11,8,4,11,8,4,4,3,3,2,5,24,59
59,37,108,55,54,111,10,8,4,10,8,4,11,7,4,10,8,4,10,8,4,7,4,3,2,5,23,76
76,153,105,24,53,71,10,8,3,9,8,4,9,8,4,9,8,4,10,7,4,10,4,4,2,5,22,61
61,55,40,13,89,163,9,7,4,8,8,4,8,8,4,9,7,4,10,8,2,11,5,5,1,5,20,48
48,111,41,89,67,52,10,8,1,7,8,4,9,6,4,9,7,3,8,7,4,10,7,7,0,5,18,35
35,55,15,13,112,65,9,5,4,7,7,4,8,6,4,9,8,1,9,6,3,10,11,7,0,5,17,48
48,100,14,89,23,63,8,8,1,7,6,4,9,4,4,8,5,4,9,5,3,10,15,7,0,5,16,35
35,37,67,13,63,34,7,5,4,9,4,3,7,5,4,8,7,1,9,4,3,10,18,8,0,5,15,65
104,141,94,29,91,26,11,8,4,11,8,4,11,8,4,11,8,4,11,8,4,4,3,3,2,5,24,127
127,39,105,55,93,133,10,8,4,10,8,4,11,7,4,10,8,4,10,8,4,7,3,3,1,5,22,102
102,79,140,89,108,26,10,8,3,9,8,4,11,6,4,9,8,4,9,8,4,9,4,4,0,4,20,127
127,39,140,156,67,116,8,8,4,11,6,3,9,7,4,10,8,2,9,7,4,10,5,6,0,4,19,115
115,86,102,184,89,52,9,6,4,10,7,2,9,6,4,11,6,2,7,8,4,11,8,7,0,3,18,114
114,86,156,127,116,140,7,7,4,9,5,4,10,6,2,9,5,4,11,6,1,11,12,8,0,2,17,131
131,86,103,184,102,82,9,4,4,6,7,4,9,4,4,10,5,2,11,5,1,11,16,8,0,2,16,130
130,81,153,86,102,67,10,5,1,9,3,4,5,7,4,9,3,4,10,4,2,12,19,8,0,2,15,131
131,89,102,140,127,82,10,4,1,5,6,4,9,3,3,9,2,4,9,5,1,12,21,10,0,2,14,130
130,102,83,140,100,153,9,1,4,4,6,4,10,4,0,9,4,1,9,3,2,12,23,12,0,2,13,131
131,112,139,102,132,67,8,4,1,8,3,2,3,6,4,9,4,0,9,0,4,15,24,12,0,2,12,130
51,138,53,26,50,141,11,8,4,11,8,4,11,8,4,11,8,4,11,8,4,4,3,3,2,5,24,66
66,39,69,142,124,49,10,8,4,10,8,4,10,8,4,10,8,4,10,8,4,7,3,3,1,5,22,82
82,36,111,143,52,68,9,8,4,10,7,4,9,8,4,9,8,4,9,8,4,10,4,3,0,4,20,101
101,142,67,37,124,39,8,8,4,8,8,4,8,8,4,9,7,4,8,8,4,14,4,3,0,4,19,83
83,111,24,52,128,79,8,7,4,7,8,4,7,8,4,7,8,4,8,8,3,17,4,4,0,4,18,102
102,63,199,67,13,112,8,7,3,7,7,4,7,7,4,6,8,4,7,7,4,18,7,4,0,4,17,127
127,125,89,161,65,100,6,7,4,6,8,3,7,6,4,7,6,4,8,6,3,19,9,5,0,4,16,116
116,113,82,67,88,135,5,7,4,8,5,3,7,5,4,5,8,3,7,5,4,21,11,5,0,4,15,86
86,101,66,100,87,108,7,5,3,6,5,4,4,7,4,4,8,3,7,4,4,25,11,5,0,4,14,69
69,105,111,41,82,114,7,3,4,4,6,4,4,7,3,5,5,4,6,5,3,26,14,5,0,4,13,53
53,163,52,126,89,67,4,6,3,4,6,3,5,5,3,7,2,4,5,4,4,26,17,6,0,4,12,54
54,127,89,153,88,41,4,5,3,5,4,3,4,6,2,6,2,4,4,5,3,27,18,8,0,4,11,53
53,89,87,115,111,55,5,2,4,4,4,3,3,5,3,4,6,1,5,3,3,28,20,9,0,4,10,69
69,29,67,127,41,71,5,2,3,4,6,0,2,5,3,4,3,3,4,2,4,29,22,10,0,4,9,53
53,115,52,40,55,70,1,5,3,4,5,0,3,3,3,5,1,3,3,2,4,31,24,10,0,4,8,69
69,54,52,71,41,127,4,1,3,2,3,3,2,2,4,4,4,0,0,5,3,34,25,10,0,4,7,68
68,52,102,89,53,51,4,3,0,0,4,3,1,2,4,3,1,3,1,3,3,36,27,10,0,4,6,85
85,13,86,52,69,67,1,2,3,0,3,3,0,3,3,2,1,3,4,2,0,37,29,11,0,4,5,103
103,102,13,67,68,84,0,2,3,0,2,3,1,2,2,1,1,3,3,2,0,38,31,12,0,4,4,85
172,29,50,138,94,112,11,8,4,11,8,4,11,8,4,11,8,4,11,8,4,4,3,3,2,5,24,172
172,99,93,152,38,41,10,8,4,11,7,4,10,8,4,10,8,4,11,7,4,5,5,3,1,5,22,185
185,51,153,79,112,87,9,8,4,9,8,4,11,7,3,9,8,4,11,6,4,7,6,3,0,5,20,170
170,111,63,86,67,139,8,8,4,10,7,3,11,5,4,8,8,4,8,8,4,11,7,3,0,4,19,185
185,130,116,23,163,80,7,8,4,11,4,4,8,7,4,8,8,3,9,7,3,12,9,4,0,4,18,157
157,100,13,108,139,153,8,7,3,8,6,4,11,3,4,6,8,4,8,8,2,14,10,5,0,4,17,156
156,119,89,80,140,180,10,3,4,8,6,3,7,7,3,5,8,4,8,7,2,17,10,6,0,4,16,157
157,55,99,108,184,154,8,5,3,6,7,3,9,3,4,8,6,2,5,7,4,19,12,6,0,4,15,194
194,98,117,156,89,153,5,7,3,8,3,4,8,5,2,8,4,3,4,7,4,22,14,6,0,3,14,193
193,110,154,157,129,128,4,7,3,4,6,4,8,4,2,7,3,4,8,4,2,24,16,7,0,2,13,181
181,135,109,172,142,139,6,3,4,3,7,3,7,4,2,8,3,2,3,6,4,27,17,7,0,2,12,182
182,128,157,161,97,140,6,4,2,8,2,2,5,3,4,2,7,3,2,6,4,30,18,7,0,2,11,181
181,153,128,142,156,109,2,6,3,5,2,4,5,4,2,8,1,2,1,7,3,31,20,8,0,2,10,193
193,169,157,124,185,167,7,1,2,5,3,2,0,7,3,5,2,3,1,6,3,33,21,9,0,2,9,194
194,153,170,123,184,183,5,2,2,4,3,2,0,6,3,6,1,2,0,6,3,35,22,10,0,2,8,192
192,185,165,197,180,183,3,3,2,0,5,3,5,1,2,5,1,2,0,6,3,36,24,10,0,2,7,194
194,191,193,195,157,183,0,4,3,4,1,2,4,1,2,3,2,2,0,6,3,37,26,10,0,2,6,192
192,190,181,156,194,183,0,3,3,3,1,2,3,1,2,3,1,2,0,6,3,38,28,10,0,2,5,191
35,53,117,91,50,155,11,8,4,11,8,4,11,8,4,11,8,4,11,8,4,4,3,3,2,5,24,66
66,154,105,37,88,69,10,8,4,10,8,4,10,8,4,10,8,4,10,8,4,7,3,3,1,5,22,100
100,89,23,87,140,52,9,8,4,9,8,4,10,7,4,10,7,4,9,8,4,9,4,3,0,5,20,113
113,67,86,82,128,51,9,7,4,10,6,4,10,6,4,9,8,3,8,8,4,9,7,4,0,5,19,114
114,39,161,140,52,111,7,8,4,9,7,3,10,5,4,10,5,4,9,7,3,9,10,5,0,5,18,115
115,128,52,13,82,100,9,6,3,6,8,4,10,4,4,10,4,4,9,6,3,9,14,5,0,5,17,114
114,65,41,140,113,89,9,4,4,6,7,4,9,6,2,8,6,3,10,4,3,10,15,7,0,5,16,131
131,125,40,67,105,126,7,6,3,5,7,4,9,3,4,9,4,3,8,6,2,13,16,7,0,5,15,130
130,89,52,112,102,114,8,4,3,4,7,4,6,6,3,9,2,4,7,6,2,16,17,7,0,5,14,124
124,13,67,51,131,99,8,4,2,9,1,4,3,7,4,6,6,2,5,6,3,18,18,8,0,5,13,109
109,114,67,110,89,111,5,6,2,2,7,4,4,6,3,8,4,1,9,1,3,20,18,10,0,5,12,96
96,113,71,111,109,124,4,6,2,7,4,1,2,7,3,3,6,3,8,1,3,23,18,11,0,5,11,77
104,174,50,94,112,123,11,8,4,11,8,4,11,8,4,11,8,4,11,8,4,4,3,3,2,5,24,116
116,37,111,161,122,77,10,8,4,10,8,4,10,8,4,11,7,4,11,7,4,6,5,3,2,5,23,143
143,124,144,174,24,79,11,6,4,11,6,4,9,8,4,9,8,4,10,8,3,7,6,4,1,5,21,158
158,67,13,161,111,123,10,8,2,8,8,4,8,8,4,11,5,4,11,5,4,8,8,5,0,4,19,159
159,124,153,89,135,51,11,4,4,11,5,3,8,8,3,7,8,4,9,8,2,9,9,7,0,4,18,186
186,52,108,55,153,154,8,8,2,7,7,4,8,7,3,11,3,4,11,4,3,9,13,7,0,4,17,198
198,139,185,71,116,86,10,4,3,11,3,3,7,7,3,7,6,4,8,7,2,10,15,8,0,4,16,199
199,116,142,89,140,186,8,6,2,7,5,4,6,7,3,9,4,3,10,3,3,12,17,8,0,4,15,171
171,133,128,108,185,157,8,4,3,6,7,2,8,5,2,9,3,3,7,4,4,13,19,9,0,4,14,175
175,170,161,119,186,141,6,4,4,6,6,2,7,5,2,8,3,3,7,4,3,16,20,9,0,4,13,171
171,158,107,198,185,160,6,4,3,6,5,2,7,3,3,5,4,4,5,6,2,20,20,9,0,4,12,175
175,173,187,199,142,119,4,6,2,5,3,4,6,3,3,5,4,3,5,5,2,23,21,9,0,4,11,162
162,198,128,161,174,136,4,3,4,5,3,3,6,2,3,3,6,2,4,5,2,25,23,9,0,4,10,175
104,123,50,53,103,26,11,8,4,11,8,4,11,8,4,11,8,4,11,8,4,4,3,3,2,5,24,127
127,37,85,27,69,124,10,8,4,10,8,4,10,8,4,10,8,4,10,8,4,7,3,3,1,5,22,140
140,23,68,52,40,153,9,8,4,9,8,4,9,8,4,9,8,4,10,7,4,9,4,3,0,5,20,156
156,167,52,86,67,13,9,7,4,8,8,4,9,7,4,8,8,4,9,7,4,11,6,3,0,5,19,184
184,67,168,4,23,116,8,7,4,8,7,4,8,7,4,8,7,4,9,6,4,13,8,3,0,5,18,197
197,67,13,142,155,102,8,6,4,7,7,4,9,5,4,7,7,4,8,6,4,14,11,3,0,5,17,195
195,141,127,156,67,111,8,5,4,8,5,4,6,7,4,7,7,3,8,6,3,15,12,5,0,5,16,182
182,133,111,134,153,157,7,5,4,7,7,2,7,5,4,8,6,2,5,7,4,17,12,7,0,5,15,181
181,133,142,153,140,180,5,6,4,6,5,4,7,7,1,7,4,4,8,5,2,17,15,8,0,5,14,182
182,128,157,140,156,184,6,4,4,5,5,4,7,7,0,7,3,4,8,4,2,16,19,9,0,5,13,195
195,185,133,180,155,89,5,4,4,6,7,0,8,3,2,6,3,4,6,4,3,17,21,10,0,5,12,182
182,140,128,167,170,193,6,6,0,6,4,2,5,3,4,4,4,4,7,3,2,19,22,11,0,5,11,195
195,139,142,181,157,183,5,6,0,5,4,2,6,3,2,3,4,4,4,3,4,23,22,11,0,5,10,194
194,157,156,182,154,196,5,3,2,3,3,4,5,3,2,4,6,0,3,3,4,25,24,11,0,5,9,192
192,139,140,185,195,184,3,6,0,3,2,4,5,2,2,4,3,2,2,3,4,28,26,11,0,4,8,190
190,156,184,180,194,153,2,2,4,4,2,2,2,2,4,3,3,2,2,6,0,31,27,11,0,4,7,191
191,154,153,192,180,165,2,1,4,4,1,2,2,3,2,2,5,0,2,1,4,31,31,11,0,4,6,178
178,153,165,190,163,179,2,0,4,2,4,0,1,3,2,4,1,1,1,1,4,33,33,12,0,3,5,189
71,123,26,50,174,103,11,8,4,11,8,4,11,8,4,11,8,4,11,8,4,4,3,3,2,5,24,67
67,49,175,102,39,124,10,8,4,10,8,4,10,8,4,10,8,4,11,7,4,7,4,2,1,5,22,38
38,174,123,86,66,52,9,8,4,11,6,4,10,7,4,9,8,4,9,8,4,8,6,2,0,5,20,50
50,69,161,124,67,51,9,7,4,8,8,4,11,5,4,8,8,4,8,8,4,11,7,2,0,5,19,49
49,130,107,68,39,52,10,5,4,8,7,4,7,8,4,7,8,4,8,7,4,14,8,2,0,5,18,50
50,67,26,105,139,51,6,8,4,6,8,4,8,6,4,9,5,4,7,7,4,17,9,2,0,5,17,49
49,154,38,89,39,13,8,5,4,6,7,4,8,5,4,5,8,4,6,8,3,19,10,3,0,5,16,36
36,67,14,52,140,50,8,5,3,6,7,3,4,8,4,8,4,4,5,7,4,20,12,4,0,5,15,35
35,82,40,15,49,65,8,3,4,3,8,4,5,7,3,4,7,4,8,4,3,22,14,4,0,5,14,48
48,52,36,63,26,67,2,8,4,3,7,4,8,3,3,4,7,3,8,2,4,24,16,4,0,5,13,62
62,15,13,41,34,49,3,7,3,8,2,3,2,7,4,8,2,3,2,7,4,25,18,5,0,5,12,79
79,52,67,14,66,47,2,6,4,8,2,2,3,6,3,1,7,4,7,2,3,26,20,6,0,5,11,78
78,13,34,67,111,82,3,5,3,6,2,3,2,5,4,8,2,1,0,7,4,28,21,7,0,5,10,77
77,63,100,46,79,153,6,1,3,0,6,4,3,5,2,2,5,3,8,2,0,28,23,10,0,4,9,94
94,82,58,79,78,124,0,5,4,3,4,2,5,1,3,1,5,3,8,1,0,30,26,10,0,3,8,95
95,77,65,98,59,111,0,5,3,0,4,4,4,1,3,2,4,2,8,0,0,33,28,10,0,2,7,122
122,97,67,45,112,124,3,1,3,0,3,4,1,4,2,7,0,0,0,4,3,35,30,10,0,2,6,146
146,89,111,78,58,123,0,3,3,6,0,0,2,1,3,0,4,2,0,3,3,37,31,11,0,2,5,147
147,110,124,46,77,140,5,0,0,0,2,3,0,3,2,2,0,3,0,3,2,37,34,12,0,2,4,164
164,78,153,111,123,95,0,2,2,0,3,1,4,0,0,0,1,3,1,0,3,38,36,13,0,2,3,178
178,110,77,124,163,94,3,0,0,0,1,2,0,0,3,0,3,0,0,0,3,39,38,14,0,2,2,164
164,109,58,144,124,94,2,0,0,0,0,2,0,2,0,0,0,3,0,0,3,39,40,14,0,2,1,148
170,155,117,29,138,141,11,8,4,11,8,4,11,8,4,11,8,4,11,8,4,4,3,3,2,5,24,159
159,124,55,88,142,167,10,8,4,11,7,4,10,8,4,10,8,4,10,8,4,7,4,3,2,5,23,172
172,117,128,168,89,123,9,8,4,10,7,4,9,8,4,11,6,4,9,8,4,9,6,3,2,5,22,159
159,71,122,184,108,142,10,6,4,8,8,4,8,8,4,8,8,4,10,6,4,12,7,3,2,5,21,170
170,135,144,168,89,157,8,7,4,8,7,4,7,8,4,9,6,4,10,5,4,13,10,3,2,5,20,159
159,140,163,184,128,156,9,6,3,8,6,4,6,8,4,8,6,4,10,4,4,13,13,4,2,5,19,141
141,157,185,153,128,142,9,4,4,5,8,4,8,6,3,9,6,2,7,6,4,14,13,6,1,5,17,127
127,199,140,157,133,118,9,5,2,8,6,2,5,7,4,9,3,4,6,6,4,13,16,7,0,5,15,102
102,133,128,127,116,82,5,6,4,9,4,2,8,3,4,5,6,4,8,5,2,15,18,7,0,5,14,103
103,127,89,86,66,115,5,5,4,9,4,1,5,5,4,7,5,2,7,3,4,16,20,8,0,5,13,85
85,116,127,67,102,82,5,4,4,6,3,4,9,4,0,5,4,4,6,5,2,17,22,9,0,5,12,68
35,29,91,141,123,117,11,8,4,11,8,4,11,8,4,11,8,4,11,8,4,4,3,3,2,5,24,64
64,124,129,134,105,41,11,7,4,10,8,4,10,8,4,10,8,4,11,7,4,5,5,3,1,5,22,65
65,89,127,87,111,143,10,7,4,9,8,4,11,6,4,10,7,4,9,8,4,7,7,3,1,5,21,101
101,135,86,102,13,79,8,8,4,11,5,4,9,7,4,10,7,3,10,7,3,7,8,5,0,5,19,114
114,67,103,161,52,111,9,6,4,10,5,4,7,8,4,10,6,3,10,7,2,8,10,6,0,5,18,132
132,128,102,40,51,110,7,7,4,9,5,4,9,6,3,8,6,4,9,7,2,11,11,6,0,5,17,114
114,67,52,99,140,127,7,6,4,8,6,3,8,7,2,7,7,3,9,4,4,13,12,7,0,5,16,131
131,80,51,132,82,115,7,7,2,7,6,3,6,7,3,7,5,4,8,4,4,16,13,7,0,5,15,130
130,140,68,114,127,100,7,4,4,6,6,3,5,7,3,7,4,4,6,7,2,19,14,7,0,5,14,124
124,132,67,131,102,113,6,4,4,5,6,3,4,7,3,7,3,4,5,7,2,22,15,7,0,5,13,109
109,140,114,100,111,83,5,4,4,3,7,3,4,7,2,5,6,2,6,3,4,26,15,8,0,4,12,97
97,101,111,131,79,153,5,3,4,4,6,2,2,7,3,5,6,1,5,4,3,27,16,10,0,4,11,109
109,82,130,110,124,98,4,3,4,1,7,3,3,6,2,5,3,3,4,6,1,30,17,10,0,4,10,96
96,124,109,100,111,79,0,7,3,4,3,3,4,2,4,2,6,2,3,6,1,33,18,10,0,4,9,97
97,77,82,96,79,78,0,6,3,4,1,4,3,3,3,2,6,1,3,5,1,33,21,11,0,4,8,98
98,77,79,100,124,46,2,3,3,3,4,1,4,0,4,0,5,3,2,6,0,33,24,12,0,4,7,99
99,78,111,112,98,34,2,2,3,0,4,3,3,0,4,2,4,1,2,5,0,34,27,12,0,4,6,80
170,91,103,112,123,155,11,8,4,11,8,4,11,8,4,11,8,4,11,8,4,4,3,3,2,5,24,159
159,100,85,105,137,167,10,8,4,10,8,4,10,8,4,10,8,4,10,8,4,8,3,3,2,5,23,186
186,153,123,103,106,63,9,8,4,9,8,4,9,8,4,9,8,4,10,7,4,11,4,3,2,5,22,157
157,100,107,86,124,140,10,6,4,8,8,4,8,8,4,8,8,4,9,8,3,13,4,4,1,5,20,127
127,133,153,161,82,116,9,7,3,8,7,4,8,7,4,10,5,4,8,7,4,12,8,4,0,5,18,126
126,101,142,184,140,160,9,5,4,8,6,4,8,6,4,8,7,3,7,7,4,14,10,4,0,5,17,127
127,153,128,118,114,133,8,5,4,6,7,4,7,6,4,8,5,4,8,6,3,16,12,4,0,5,16,102
102,89,124,141,115,134,6,7,3,8,4,4,7,6,3,7,5,4,6,6,4,19,13,5,0,4,15,83
83,127,105,118,142,109,6,5,4,6,6,3,5,6,4,6,6,3,7,4,4,23,14,5,0,3,14,101
101,129,128,97,87,116,4,6,4,6,5,3,6,4,4,6,5,3,6,4,4,24,17,5,0,3,13,82
82,86,89,96,143,127,6,4,3,6,5,2,5,4,4,3,6,4,5,4,4,26,18,6,0,3,12,66
66,102,77,128,140,52,5,3,4,4,4,4,2,6,4,6,5,1,6,3,3,27,20,7,0,3,11,49
49,89,86,67,124,82,2,6,3,5,2,4,6,2,3,4,3,4,6,4,1,26,24,8,0,3,10,50
50,52,111,67,51,66,5,1,4,4,2,4,2,6,2,5,2,3,5,4,1,27,26,9,0,3,9,37
37,67,79,82,13,38,4,2,3,2,6,1,4,4,1,5,0,4,4,2,3,28,27,11,0,3,8,36
36,66,63,23,50,65,3,4,1,2,5,1,4,0,4,3,2,3,4,1,3,30,29,11,0,3,7,35
51,123,50,91,155,29,11,8,4,11,8,4,11,8,4,11,8,4,11,8,4,4,3,3,2,5,24,67
67,15,154,124,49,107,11,7,4,10,8,4,10,8,4,10,8,4,10,8,4,7,3,3,1,5,22,112
112,36,105,140,14,111,9,8,4,10,7,4,9,8,4,11,6,4,9,8,4,10,5,2,0,4,20,125
125,37,13,89,112,154,8,8,4,11,5,4,9,7,4,8,8,4,9,7,4,12,7,2,0,4,19,113
113,140,13,4,50,125,9,6,4,9,7,3,10,5,4,7,8,4,7,8,4,14,8,3,0,4,18,114
114,38,112,67,3,126,6,8,4,6,8,4,9,7,2,9,5,4,8,6,4,17,8,4,0,4,17,131
131,22,51,111,115,102,9,4,4,5,8,4,5,8,4,7,6,4,9,6,2,19,10,4,0,4,16,130
130,103,52,34,79,114,8,6,2,4,8,4,8,4,4,5,8,3,6,6,4,22,10,5,0,4,15,124
124,102,46,111,67,115,7,6,2,8,3,4,5,8,2,4,7,4,5,6,4,23,12,6,0,4,14,77
77,111,83,127,78,153,4,7,3,6,6,2,4,6,4,8,2,4,5,8,1,25,12,8,0,4,13,76
76,97,133,101,124,79,7,2,4,4,5,4,5,6,2,5,7,1,4,7,2,26,14,9,0,4,12,60
60,83,140,77,78,46,4,6,2,4,4,4,5,6,1,6,2,4,4,7,1,27,16,10,0,4,11,45
172,155,174,117,29,141,11,8,4,11,8,4,11,8,4,11,8,4,11,8,4,4,3,3,2,5,24,159
159,158,161,154,42,129,10,8,4,10,8,4,10,8,4,11,7,4,10,8,4,7,4,3,2,5,23,186
186,117,29,142,174,156,9,8,4,11,6,4,9,8,4,9,8,4,10,7,4,9,6,3,2,5,22,198
198,129,161,55,157,141,8,8,4,8,8,4,11,5,4,9,7,4,8,8,4,12,7,3,2,5,21,186
186,89,143,128,158,185,11,4,4,7,8,4,8,7,4,7,8,4,9,6,4,13,10,3,2,5,20,198
198,135,128,186,140,159,6,8,4,11,4,3,8,6,4,8,7,3,6,8,4,15,10,5,2,5,19,171
171,188,159,170,156,161,10,4,3,7,6,4,5,8,4,8,6,3,6,7,4,16,12,5,1,5,17,175
175,169,185,172,199,135,7,6,3,4,8,4,6,6,4,9,4,3,5,7,4,20,12,5,1,5,16,162
162,156,157,128,129,171,6,6,3,4,7,4,5,6,4,4,7,4,8,4,3,23,13,5,1,5,15,136
136,135,142,140,161,175,3,7,4,4,6,4,5,6,3,5,5,4,7,4,3,25,15,5,1,5,14,119
119,89,116,161,160,162,5,6,2,4,5,4,2,7,4,4,5,4,6,4,3,27,16,6,1,5,13,119
45,53,155,138,123,29,11,8,4,11,8,4,11,8,4,11,8,4,11,8,4,4,3,3,2,5,24,79
79,15,124,152,154,54,11,7,4,11,7,4,10,8,4,10,8,4,10,8,4,6,5,2,1,5,22,112
112,139,55,151,153,14,9,8,4,9,8,4,9,8,4,11,6,4,11,6,4,9,7,1,0,4,20,125
125,15,152,124,89,140,10,6,4,8,8,4,11,5,4,9,7,4,8,8,4,11,9,1,0,4,19,113
113,140,153,14,154,111,9,7,3,7,8,4,9,6,4,8,7,4,11,4,4,12,11,2,0,4,18,114
114,140,153,13,124,82,7,7,4,11,4,3,9,5,4,7,7,4,9,6,3,12,14,3,0,4,17,115
115,130,101,67,185,133,6,7,4,8,6,3,9,5,3,11,4,2,7,6,4,13,15,5,0,4,16,108
108,128,114,102,157,139,11,4,1,7,6,3,9,4,3,7,5,4,5,7,4,15,17,6,0,3,15,116
116,103,132,140,185,133,8,4,3,6,6,3,4,7,4,11,4,0,7,4,4,18,18,7,0,2,14,117
117,140,89,114,157,86,6,4,4,4,7,3,5,6,3,11,3,0,7,4,3,21,19,8,0,1,13,108
108,115,104,105,128,158,4,6,3,6,4,3,4,6,3,6,4,3,10,3,0,23,20,9,0,1,12,117
117,116,102,142,87,135,5,4,3,3,6,3,9,3,0,4,5,3,6,3,3,25,22,9,0,1,11,88
106,138,155,91,174,103,11,8,4,11,8,4,11,8,4,11,8,4,11,8,4,4,3,3,2,5,24,108
108,56,161,124,154,86,10,8,4,10,8,4,10,8,4,10,8,4,10,8,4,8,2,3,1,5,22,127
127,111,107,153,91,102,9,8,4,10,7,4,10,7,4,9,8,4,10,7,4,10,3,3,0,5,20,126
126,115,105,185,161,67,9,7,4,8,8,4,10,7,3,10,6,4,9,8,3,12,4,5,0,4,19,140
140,82,127,128,199,108,9,7,3,8,7,4,10,7,2,10,5,4,8,7,4,12,7,6,0,4,18,139
139,188,185,101,133,119,9,5,4,10,7,1,8,7,3,8,6,4,7,7,4,15,8,7,0,3,17,130
130,108,140,187,114,153,6,7,4,8,5,4,8,5,4,7,7,3,10,7,0,17,9,8,0,3,16,124
124,82,128,105,131,139,8,4,4,8,4,4,6,6,4,6,7,3,9,7,0,18,12,8,0,3,15,109
109,108,130,89,81,153,6,5,4,5,7,3,8,4,3,7,4,4,8,7,0,20,13,9,0,3,14,110
110,139,105,100,67,124,4,7,3,5,5,4,6,4,4,8,4,2,8,6,0,22,14,10,0,3,13,98
98,81,77,89,153,111,5,4,4,8,5,0,5,4,4,3,7,3,8,4,1,23,16,11,0,3,12,99
99,67,64,111,112,96,5,4,3,4,4,4,3,7,2,7,4,1,7,5,0,25,16,13,0,3,11,80
80,63,97,99,79,110,3,4,4,6,5,0,6,4,1,5,4,2,2,7,2,28,16,14,0,3,10,100
166,117,155,91,112,174,11,8,4,11,8,4,11,8,4,11,8,4,11,8,4,4,3,3,2,5,24,185
104,53,50,123,174,138,11,8,4,11,8,4,11,8,4,11,8,4,11,8,4,4,3,3,2,5,24,142
142,38,150,40,124,161,10,8,4,10,8,4,10,8,4,11,7,4,10,8,4,7,3,3,1,5,22,140
140,128,52,138,24,109,10,7,4,9,8,4,9,8,4,9,8,4,10,7,4,11,3,2,0,5,20,132
132,97,124,13,67,140,9,7,4,8,8,4,8,8,4,9,7,4,10,7,3,14,4,3,0,4,19,114
114,78,77,89,52,153,8,7,4,8,7,4,9,7,3,8,7,4,10,7,2,14,6,5,0,4,18,132
132,88,51,124,167,79,8,7,3,7,7,4,8,6,4,9,7,2,7,7,4,17,7,5,0,4,17,140
140,130,52,89,153,67,7,6,4,6,7,4,7,7,3,8,7,2,7,7,3,20,7,6,0,4,16,133
133,102,185,13,105,139,7,6,3,8,7,1,6,6,4,7,6,3,6,6,4,21,10,7,0,3,15,141
141,108,67,127,140,170,7,5,3,6,6,3,7,5,3,5,6,4,7,7,1,23,12,8,0,2,14,142
142,128,133,185,111,135,5,6,3,6,5,3,6,7,1,6,6,2,7,4,3,24,13,10,0,2,13,134
134,140,170,67,161,108,6,4,3,5,7,1,6,6,1,5,5,3,7,3,3,25,16,11,0,1,12,127
127,135,117,157,102,126,4,5,3,6,3,3,4,7,1,6,5,1,5,4,3,28,17,11,0,1,11,134
134,127,115,129,133,116,4,4,3,5,5,1,3,5,3,4,6,1,5,3,3,31,18,11,0,1,10,141
127,155,94,117,141,50,11,8,4,11,8,4,11,8,4,11,8,4,11,8,4,4,3,3,2,5,24,127
35,29,91,50,112,117,11,8,4,11,8,4,11,8,4,11,8,4,11,8,4,4,3,3,2,5,24,82
172,155,174,26,50,53,11,8,4,11,8,4,11,8,4,11,8,4,11,8,4,4,3,3,2,5,24,198
198,15,49,54,161,156,10,8,4,10,8,4,10,8,4,10,8,4,10,8,4,7,3,3,1,5,22,158
158,128,70,26,66,140,10,7,4,9,8,4,9,8,4,9,8,4,9,8,4,9,4,3,0,5,20,157
157,67,39,71,187,153,8,8,4,8,8,4,8,8,4,10,6,4,9,8,3,11,5,4,0,5,19,142
142,154,55,185,52,25,9,7,3,7,8,4,10,5,4,8,7,4,7,8,4,13,8,4,0,4,18,134
134,14,71,13,156,128,6,8,4,6,8,4,8,6,4,9,6,3,10,5,3,15,10,5,0,3,17,118
118,25,67,89,142,140,5,8,4,8,6,3,5,8,4,10,4,3,8,6,3,17,11,6,0,3,16,116
116,88,102,39,133,129,4,8,4,8,5,3,4,8,4,8,5,3,9,4,3,19,13,6,0,3,15,108
108,51,117,86,142,127,3,8,4,3,8,4,8,4,3,8,4,3,8,4,3,22,14,6,0,3,14,135
135,128,116,108,67,115,7,4,3,8,3,3,2,8,4,2,8,4,7,4,3,26,15,6,0,2,13,129
129,102,108,117,13,143,6,4,3,8,2,3,1,8,4,2,8,3,6,4,3,29,16,7,0,1,12,118
118,142,89,117,116,127,5,4,3,2,8,2,7,2,3,0,8,4,6,3,3,31,17,8,0,1,11,134
166,123,117,103,29,94,11,8,4,11,8,4,11,8,4,11,8,4,11,8,4,4,3,3,2,5,24,183
183,77,86,129,55,165,11,7,4,10,8,4,10,8,4,11,7,4,11,7,4,5,6,3,2,5,23,167
167,123,89,118,102,124,11,6,4,11,6,4,9,8,4,10,7,4,11,6,4,5,10,3,2,5,22,185
185,127,142,144,111,140,10,6,4,8,8,4,11,5,4,10,6,4,11,6,3,6,12,3,1,5,20,167
167,124,89,122,116,157,10,5,4,11,6,2,11,4,4,10,5,4,8,7,4,6,16,4,0,3,18,183
183,170,121,127,140,153,7,7,4,10,4,4,9,5,4,11,6,1,10,4,4,8,17,5,0,3,17,196
196,122,134,167,185,133,9,4,4,8,5,4,9,4,4,6,7,4,10,6,1,12,17,5,0,3,16,197
197,140,141,123,184,183,9,6,1,7,5,4,9,3,4,5,7,4,8,4,4,15,18,5,0,3,15,195
195,148,185,133,196,153,8,3,4,5,6,4,6,5,4,7,4,4,9,6,0,17,19,6,0,3,14,182
182,149,197,184,157,167,7,3,4,6,4,4,5,5,4,6,4,4,8,6,0,19,21,6,0,3,13,181
181,170,183,180,195,165,5,4,4,7,6,0,5,4,4,5,4,4,6,3,4,22,22,6,0,3,12,166
127,174,103,112,117,53,11,8,4,11,8,4,11,8,4,11,8,4,11,8,4,4,3,3,2,5,24,126
126,54,116,102,125,173,10,8,4,10,8,4,10,8,4,10,8,4,10,8,4,7,3,3,1,5,22,126
126,160,131,115,142,55,9,8,4,9,8,4,9,8,4,10,7,4,9,8,4,10,4,3,0,4,20,140
140,89,127,143,114,118,9,7,4,8,8,4,8,8,4,8,8,4,9,7,4,13,5,3,0,4,19,139
139,128,134,126,132,140,7,8,4,8,7,4,7,8,4,7,8,4,9,7,3,16,5,4,0,4,18,130
130,127,139,114,142,161,6,8,4,8,7,3,6,8,4,7,7,4,7,7,4,19,6,4,0,4,17,124
124,128,157,131,133,140,7,6,4,7,6,4,5,8,4,6,7,4,7,7,3,20,9,4,0,4,16,111
111,157,156,132,125,89,6,6,4,7,5,4,6,7,3,4,8,4,7,6,3,21,11,5,0,4,15,79
79,131,114,67,140,185,3,8,4,5,7,3,7,6,2,6,5,4,6,5,4,24,12,6,0,3,14,62
62,132,153,130,184,13,4,7,3,6,5,3,2,8,4,6,4,4,7,6,1,25,13,8,0,3,13,61
61,46,124,140,111,180,7,6,0,1,8,4,3,7,3,6,5,2,6,3,4,26,14,10,0,3,12,60
60,165,153,111,79,78,5,3,4,3,7,2,1,7,4,6,5,1,7,5,0,26,16,12,0,3,11,45
45,124,191,163,46,61,3,6,2,5,2,4,1,7,3,6,5,0,6,5,0,26,18,14,0,3,10,32
32,179,111,62,77,58,4,2,4,1,7,2,5,5,0,3,5,2,6,4,0,27,20,15,0,3,9,33
33,165,79,44,76,61,3,2,4,1,7,1,5,4,0,2,5,2,4,5,0,30,20,16,0,3,8,21
21,123,61,60,58,93,3,1,4,1,5,2,3,5,0,4,4,0,1,7,0,32,21,17,0,3,7,10
10,122,94,45,46,1,2,1,4,1,6,0,2,5,0,0,5,2,4,3,0,34,23,17,0,3,6,2
2,123,77,9,46,34,1,1,4,1,5,0,3,3,0,1,5,0,0,4,2,36,25,17,0,3,5,10
10,148,124,33,22,20,0,1,4,1,4,0,0,5,0,0,3,2,2,3,0,38,27,17,0,3,4,21
21,2,109,34,148,33,1,3,0,0,4,0,0,2,2,0,1,4,0,5,0,39,28,17,0,3,3,10
127,174,53,103,117,29,11,8,4,11,8,4,11,8,4,11,8,4,11,8,4,4,3,3,2,5,24,140
140,54,129,41,85,161,10,8,4,10,8,4,10,8,4,10,8,4,10,8,4,7,3,3,1,5,22,139
139,128,52,84,55,143,10,7,4,10,7,4,9,8,4,9,8,4,9,8,4,8,5,3,0,5,20,130
130,85,160,71,67,89,8,8,4,8,8,4,8,8,4,10,6,4,10,7,3,10,6,4,0,5,19,131
131,143,55,84,89,128,7,8,4,7,8,4,7,8,4,10,6,3,10,7,2,12,6,6,0,5,18,125
125,185,89,13,129,67,10,7,1,7,7,4,10,6,2,6,8,4,6,8,4,13,7,8,0,5,17,112
112,142,89,67,184,102,5,8,4,10,6,1,7,7,3,9,7,1,6,7,4,14,8,10,0,5,16,100
100,67,65,116,140,156,6,6,4,7,6,3,5,7,4,10,6,0,9,6,1,13,12,11,0,5,15,81
81,142,82,63,157,79,5,6,4,10,5,0,7,5,3,8,6,1,6,6,3,14,15,12,0,4,14,64
64,185,100,140,111,128,8,5,1,7,4,3,10,4,0,6,6,2,4,6,4,14,18,13,0,4,13,65
65,154,185,153,80,79,10,3,0,4,6,3,8,5,0,6,4,3,6,6,1,14,19,16,0,4,12,66
66,128,139,140,67,100,4,6,2,7,5,0,9,3,0,6,6,0,5,4,3,16,19,18,0,4,11,49
49,81,89,140,65,82,4,4,3,4,6,1,6,5,0,6,5,0,9,2,0,17,21,19,0,4,10,36
36,13,64,35,82,66,4,6,0,3,4,3,5,5,0,6,4,0,8,2,0,19,22,20,0,4,9,37
37,65,49,22,67,14,2,4,3,7,2,0,4,5,0,6,3,0,4,5,0,21,24,20,0,4,8,24
24,67,82,25,50,23,2,3,3,6,2,0,3,5,0,6,2,0,3,5,0,23,26,20,0,4,7,13
51,26,155,29,91,123,11,8,4,11,8,4,11,8,4,11,8,4,11,8,4,4,3,3,2,5,24,82
45,155,29,138,123,174,11,8,4,11,8,4,11,8,4,11,8,4,11,8,4,4,3,3,2,5,24,58
58,161,144,124,55,167,10,8,4,11,7,4,10,8,4,11,7,4,10,8,4,5,5,3,1,5,22,96
96,168,71,111,163,128,9,8,4,10,7,4,10,7,4,11,6,4,10,7,4,7,7,3,0,4,20,109
109,55,184,89,79,146,9,7,4,8,8,4,10,7,3,10,7,3,10,6,4,9,7,5,0,4,19,124
124,89,168,140,145,78,9,6,4,7,8,4,10,7,2,9,6,4,10,6,3,10,9,6,0,4,18,130
130,167,144,82,97,67,6,8,4,8,6,4,10,6,2,9,6,3,9,6,3,13,10,7,0,3,17,139
139,82,96,163,153,140,9,5,3,8,6,3,8,5,4,5,8,4,10,5,2,14,13,7,0,3,16,130
130,111,109,140,132,154,8,5,3,7,6,3,9,4,3,9,5,2,5,7,4,15,15,8,0,3,15,131
131,140,110,126,139,124,8,5,2,6,6,3,8,4,3,4,7,4,7,5,3,19,15,8,0,3,14,125
125,153,111,114,130,82,3,7,4,5,6,3,7,4,3,6,5,3,8,4,2,22,16,8,0,3,13,112
104,138,141,26,91,94,11,8,4,11,8,4,11,8,4,11,8,4,11,8,4,4,3,3,2,5,24,117
117,77,105,142,124,15,11,7,4,10,8,4,10,8,4,10,8,4,10,8,4,6,4,3,1,5,22,115
115,111,107,78,5,128,10,7,4,10,7,4,10,7,4,9,8,4,9,8,4,8,6,3,0,4,20,126
126,15,79,142,105,100,8,8,4,10,6,4,8,8,4,10,6,4,10,6,4,9,9,3,0,4,19,114
114,116,111,41,108,81,8,7,4,10,6,3,8,7,4,9,6,4,9,6,4,10,11,4,0,4,18,132
132,82,29,116,153,142,8,6,4,8,6,4,9,5,4,10,6,2,8,6,4,10,14,5,0,4,17,114
114,141,55,127,124,100,7,6,4,8,5,4,8,5,4,10,5,2,8,5,4,11,17,5,0,4,16,131
131,89,130,134,113,126,8,4,4,9,5,2,6,6,4,7,5,4,7,5,4,14,18,5,0,4,15,125
125,100,118,124,67,127,6,5,4,5,6,4,8,5,2,8,4,3,6,5,4,17,18,6,0,4,14,131
131,138,111,134,65,102,7,5,2,6,4,4,4,6,4,8,3,3,6,4,4,18,21,6,0,4,13,125
125,127,86,124,79,67,3,6,4,6,3,4,6,5,2,6,4,3,8,2,3,19,23,7,0,4,12,112
112,102,77,116,111,133,8,1,3,6,4,2,6,2,4,6,4,2,2,6,4,19,26,8,0,4,11,125
125,96,142,157,127,100,5,4,2,6,1,4,2,5,4,8,0,3,6,3,2,19,30,8,0,4,10,131
131,133,185,116,97,80,7,0,3,2,4,4,6,0,4,4,4,2,5,3,2,21,32,8,0,4,9,130
130,100,117,98,127,153,4,3,2,5,0,4,3,4,2,6,0,3,2,4,3,24,32,9,0,4,8,131
131,126,88,112,124,99,5,0,3,4,0,4,3,3,2,2,3,3,2,4,2,27,33,9,0,4,7,130
127,29,94,174,117,103,11,8,4,11,8,4,11,8,4,11,8,4,11,8,4,4,3,3,2,5,24,140
140,102,88,161,95,55,10,8,4,10,8,4,10,8,4,10,8,4,11,7,4,8,2,3,1,5,22,140
140,29,94,89,67,128,11,6,4,9,8,4,9,8,4,10,7,4,10,7,4,10,5,1,0,5,20,126
126,188,75,88,41,52,9,7,4,8,8,4,8,8,4,11,5,4,10,6,4,13,7,1,0,4,19,114
114,52,89,58,128,86,11,4,4,7,8,4,7,8,4,8,7,4,10,5,4,15,9,1,0,4,18,132
132,104,89,46,13,67,9,5,4,8,7,3,7,7,4,7,8,3,11,3,4,15,11,3,0,4,17,114
114,52,116,140,34,102,7,7,3,8,5,4,8,7,2,7,6,4,11,2,4,15,14,4,0,4,16,131
131,63,82,104,67,115,7,5,4,8,6,2,7,5,4,7,6,3,10,2,4,16,17,4,0,4,15,125
125,86,114,111,100,140,6,5,4,9,2,4,7,6,2,7,4,4,8,5,2,17,19,5,0,4,14,112
112,101,124,102,126,115,6,4,4,7,5,2,6,4,4,7,5,2,8,2,4,19,21,5,0,4,13,99
99,103,114,100,127,153,5,4,4,7,2,4,5,4,4,6,5,2,7,4,2,22,22,5,0,4,12,98
98,102,163,86,113,111,6,4,2,7,4,1,4,4,4,6,2,4,5,3,4,23,24,6,0,4,11,97
97,67,103,100,111,110,6,3,2,3,4,4,5,2,4,7,4,0,4,3,4,25,25,7,0,4,10,78
78,100,80,102,109,13,7,3,0,4,2,4,2,4,4,3,3,4,6,3,1,27,26,8,0,4,9,77
77,127,80,124,63,46,2,3,4,6,3,0,2,3,4,3,2,4,6,3,0,30,27,9,0,3,8,95
95,126,79,34,99,111,1,3,4,3,1,4,6,2,0,5,3,0,2,2,4,32,30,9,0,2,7,77
77,48,110,140,46,153,5,2,0,4,3,0,0,3,4,3,1,3,2,2,3,34,30,11,0,2,6,95
95,58,153,62,109,124,3,0,3,0,3,3,4,2,0,3,3,0,2,1,3,36,32,12,0,1,5,122
122,75,47,97,111,123,2,0,3,3,2,0,2,3,0,0,3,2,1,1,3,39,32,13,0,1,4,121
121,144,62,74,124,98,1,0,3,2,2,0,1,0,3,0,2,2,1,3,0,41,34,13,0,1,3,122
122,97,61,111,177,58,0,3,0,1,2,0,0,1,2,0,0,3,0,0,3,44,35,13,0,1,2,121
121,79,78,97,177,58,0,1,1,0,2,0,0,3,0,0,0,3,0,0,3,44,35,14,0,1,1,145
172,112,103,29,138,155,11,8,4,11,8,4,11,8,4,11,8,4,11,8,4,4,3,3,2,5,24,143
143,150,55,167,102,111,10,8,4,11,7,4,10,8,4,10,8,4,10,8,4,6,4,3,1,5,22,141
141,67,155,71,138,127,10,8,3,9,8,4,10,7,4,9,8,4,10,7,4,8,5,4,0,4,20,142
142,152,116,89,154,82,8,8,4,9,7,4,9,7,4,8,8,4,10,7,3,11,6,4,0,4,19,134
134,67,140,118,153,155,10,6,3,9,7,3,8,7,4,7,8,4,7,8,4,14,7,5,0,3,18,127
127,153,167,13,129,156,9,7,2,6,8,4,10,6,2,7,7,4,6,8,4,16,7,7,0,3,17,126
126,154,153,117,140,67,6,7,4,5,8,4,6,7,4,9,7,1,10,6,1,17,8,9,0,3,16,114
114,126,184,155,108,79,8,7,1,5,7,4,5,7,4,5,7,4,10,6,0,19,9,10,0,3,15,101
101,116,156,63,153,115,5,6,4,4,7,4,9,6,0,5,6,4,7,7,1,21,11,10,0,3,14,82
82,111,127,157,118,65,5,6,3,6,7,1,4,6,4,4,6,4,9,5,0,22,13,11,0,3,13,140
140,102,142,185,63,100,6,6,1,3,6,4,4,5,4,9,4,0,5,5,3,23,16,11,0,3,12,89
89,65,128,153,111,86,9,3,0,2,6,4,4,5,3,5,4,3,6,5,1,24,19,11,0,3,11,13
13,116,22,161,67,140,6,4,1,9,2,0,2,5,4,5,4,2,4,5,2,24,22,13,0,2,10,46
46,104,128,23,107,13,5,4,1,4,5,1,9,1,0,2,4,4,5,4,1,25,24,15,0,1,9,58
58,106,13,89,86,14,1,4,4,9,0,0,4,5,0,4,4,1,5,3,1,27,25,16,0,1,8,75
75,15,107,23,105,52,5,2,1,0,4,4,8,0,0,4,4,0,4,3,1,28,28,16,0,1,7,94
94,108,22,161,14,67,4,3,0,7,0,0,0,3,4,5,1,1,4,2,1,28,32,16,0,1,6,95
95,117,199,34,13,111,3,3,0,0,2,4,6,0,0,5,0,1,4,2,0,29,34,17,0,1,5,122
122,22,108,128,46,124,5,0,0,2,3,0,0,1,4,5,0,0,3,2,0,31,35,18,0,1,4,146
146,105,34,61,109,89,2,2,0,4,0,0,4,0,0,2,2,0,0,1,3,34,36,19,0,0,3,145
145,72,48,124,140,76,2,1,0,3,0,0,1,2,0,0,1,2,3,0,0,36,37,20,0,0,2,121
121,42,154,63,61,111,2,0,0,0,0,2,2,0,0,2,0,0,1,1,0,37,40,20,0,0,1,145
104,174,103,53,91,123,11,8,4,11,8,4,11,8,4,11,8,4,11,8,4,4,3,3,2,5,24,116
116,105,40,165,85,161,10,8,4,10,8,4,11,7,4,10,8,4,10,8,4,7,4,3,2,5,23,129
127,117,138,53,103,174,11,8,4,11,8,4,11,8,4,11,8,4,11,8,4,4,3,3,2,5,24,115
115,69,124,86,161,108,10,8,4,10,8,4,10,8,4,10,8,4,10,8,4,7,3,3,1,5,22,126
126,135,128,116,153,52,10,7,4,10,7,4,10,7,4,10,7,4,9,8,4,6,7,3,0,5,20,115
115,139,140,108,86,127,9,7,4,10,7,3,10,6,4,9,7,4,10,6,4,6,10,4,0,5,19,157
157,105,154,132,116,126,10,5,4,8,7,4,9,7,3,9,6,4,9,6,4,9,12,4,0,4,18,194
194,153,140,104,107,114,8,6,4,8,7,3,8,6,4,10,4,4,8,6,4,12,14,4,0,3,17,195
195,132,161,116,153,184,7,6,4,10,3,4,7,6,4,8,7,2,8,5,4,13,16,5,0,3,16,194
194,160,166,140,197,142,9,3,4,7,7,2,6,6,4,7,5,4,7,5,4,16,17,5,0,3,15,192
192,157,153,128,195,183,7,4,4,6,6,3,8,3,4,6,5,4,6,7,2,19,18,6,0,2,14,191
191,89,182,185,180,166,8,3,3,5,5,4,7,3,4,6,5,3,5,7,2,20,20,7,0,2,13,179
179,140,153,181,193,195,8,3,2,7,3,3,4,7,2,5,5,3,4,5,4,22,20,9,0,2,12,165
165,194,180,139,163,197,4,5,3,3,7,2,7,3,2,7,3,2,3,5,4,25,20,10,0,2,11,123
123,184,130,192,191,153,2,5,4,6,3,2,3,5,3,7,2,2,3,6,2,28,22,10,0,1,10,148
148,190,153,166,124,178,2,5,3,2,4,4,2,6,2,5,3,2,6,2,2,31,23,10,0,1,9,149
149,192,153,111,123,164,1,5,3,1,6,2,2,4,3,5,2,2,5,2,2,33,24,11,0,1,8,150
150,122,147,153,191,124,4,2,2,4,2,2,2,4,2,0,5,3,1,5,2,35,25,12,0,1,7,151
151,146,163,111,123,166,3,2,2,0,4,3,0,5,2,3,2,2,1,4,2,38,26,12,0,1,6,152
152,163,144,124,151,165,2,2,2,0,3,3,0,4,2,0,4,2,3,1,2,39,29,12,0,1,5,138
138,123,111,149,153,151,0,2,3,0,3,2,2,1,2,2,2,1,0,4,2,39,31,13,0,1,4,152
166,141,138,50,174,26,11,8,4,11,8,4,11,8,4,11,8,4,11,8,4,4,3,3,2,5,24,183
183,161,15,49,158,152,10,8,4,10,8,4,10,8,4,10,8,4,10,8,4,8,3,3,2,5,23,182
182,157,66,14,128,138,9,8,4,9,8,4,10,7,4,10,7,4,9,8,4,10,5,3,2,5,22,182
182,150,142,13,82,156,8,8,4,10,6,4,10,6,4,8,8,4,8,8,4,11,7,3,1,5,20,182
182,140,89,157,184,149,8,7,4,10,6,3,10,5,4,8,7,4,7,8,4,10,10,4,0,5,18,195
195,140,165,170,154,197,10,6,2,6,8,4,9,5,4,8,6,4,7,7,4,12,11,5,0,5,17,182
182,153,185,195,156,180,8,5,4,8,5,4,6,7,4,9,6,2,6,7,4,14,13,5,0,5,16,183
183,197,155,153,184,181,5,7,4,8,6,2,8,5,3,8,4,4,5,7,4,16,14,6,0,5,15,166
106,94,117,53,103,112,11,8,4,11,8,4,11,8,4,11,8,4,11,8,4,4,3,3,2,5,24,106
106,111,85,54,129,77,10,8,4,10,8,4,10,8,4,10,8,4,11,7,4,6,4,3,1,5,22,108
108,78,118,41,103,153,11,6,4,9,8,4,9,8,4,9,8,4,10,8,3,7,5,4,0,5,20,115
115,102,140,87,116,97,8,8,4,10,8,2,9,7,4,8,8,4,10,6,4,10,6,5,0,4,19,157
157,105,78,67,153,117,9,6,4,9,6,4,8,7,4,10,8,1,7,8,4,12,8,6,0,3,18,115
115,124,13,79,108,90,10,7,1,8,7,3,9,5,4,6,8,4,8,6,4,14,10,7,0,2,17,127
127,111,72,67,130,135,9,5,3,7,6,4,8,7,2,9,7,1,6,7,4,15,11,9,0,2,16,115
115,23,71,128,153,131,8,6,2,6,6,4,6,6,4,9,5,2,8,7,1,16,13,10,0,2,15,157
157,140,114,142,70,13,9,5,1,7,7,1,6,5,4,5,6,4,8,5,2,18,15,11,0,1,14,194
194,87,126,118,128,52,4,6,4,6,7,1,5,5,4,9,5,0,8,4,2,21,16,12,0,0,13,195
195,187,86,116,140,67,9,4,0,4,5,4,4,5,4,5,7,1,8,3,2,22,19,12,0,0,12,182
182,142,52,185,154,111,4,4,4,4,4,4,9,3,0,5,6,1,8,3,1,21,23,13,0,0,11,183
183,153,184,67,128,163,4,6,1,8,3,0,4,3,4,4,3,4,8,3,0,22,25,14,0,0,10,182
182,79,196,177,187,180,4,3,3,7,3,0,7,3,0,4,2,4,4,5,1,23,27,15,0,0,9,195
195,111,153,185,163,197,4,3,2,4,4,1,4,1,4,6,3,0,6,3,0,24,29,16,0,0,8,182
182,191,184,153,196,166,6,2,0,3,1,4,4,3,1,5,3,0,3,4,1,26,30,17,0,0,7,195
195,181,184,196,183,192,2,4,1,4,2,1,2,1,4,4,3,0,5,2,0,29,31,17,0,0,6,194
132,50,26,103,141,117,11,8,4,11,8,4,11,8,4,11,8,4,11,8,4,4,3,3,2,5,24,139
139,133,86,37,88,15,10,8,4,10,8,4,10,8,4,10,8,4,10,8,4,7,3,3,1,5,22,185
185,41,89,23,140,104,10,7,4,9,8,4,9,8,4,9,8,4,9,8,4,10,4,3,0,4,20,170
170,86,22,140,139,52,8,8,4,9,7,4,9,8,3,8,8,4,10,6,4,12,6,4,0,3,19,159
159,139,23,130,102,67,8,8,3,8,7,4,7,8,4,8,7,4,10,5,4,14,8,4,0,3,18,170
170,13,131,153,111,83,8,6,4,6,8,4,7,8,3,10,5,3,7,7,4,16,9,5,0,3,17,157
157,163,102,130,67,180,10,5,2,6,7,4,5,8,4,8,6,3,7,7,3,17,10,7,0,3,16,194
194,82,139,86,153,165,8,5,3,4,8,4,6,6,4,10,5,1,7,6,3,18,13,8,0,2,15,195
195,180,65,154,163,104,6,6,3,7,5,3,3,8,4,10,5,0,5,6,4,22,13,9,0,1,14,182
182,144,67,116,156,153,10,4,0,7,4,3,4,6,4,3,7,4,6,5,3,22,17,9,0,1,13,181
181,111,155,122,166,127,7,4,2,2,7,4,10,3,0,5,5,3,4,5,4,23,19,10,0,1,12,180
180,133,153,168,123,163,4,4,4,4,5,3,1,7,4,10,2,0,7,4,1,24,21,11,0,1,11,181
181,191,157,180,165,184,7,3,1,4,3,4,4,4,3,10,1,0,0,7,4,25,25,11,0,0,10,166
166,156,180,185,192,193,0,6,4,10,0,0,4,2,4,6,3,1,3,4,3,26,28,11,0,0,9,151
151,180,154,181,153,194,2,4,3,0,5,4,9,0,0,4,2,3,5,3,1,28,29,12,0,0,8,150
150,140,192,166,184,182,0,4,4,4,3,1,3,2,3,2,3,3,8,0,0,30,31,12,0,0,7,149
149,185,154,151,183,191,2,2,3,0,3,4,2,2,3,7,0,0,3,3,1,32,33,12,0,0,6,123
123,184,196,153,165,178,2,1,3,6,0,0,0,2,4,1,2,3,2,3,1,34,35,12,0,0,5,122
122,153,183,124,164,123,2,0,3,5,0,0,0,1,4,1,3,1,1,1,3,35,38,12,0,0,4,95
95,77,148,166,144,111,0,0,4,0,3,1,4,0,0,1,0,3,2,0,2,36,40,13,0,0,3,94
94,145,153,163,77,148,0,0,3,3,0,0,2,0,1,0,0,4,0,3,1,37,40,14,0,0,2,93
93,153,166,145,77,148,2,0,0,2,0,0,0,0,3,0,0,4,0,3,1,38,39,15,0,0,1,79
172,50,155,26,103,174,11,8,4,11,8,4,11,8,4,11,8,4,11,8,4,4,3,3,2,5,24,159
159,102,15,167,37,173,10,8,4,10,8,4,10,8,4,10,8,4,10,8,4,8,3,3,2,5,23,170
170,160,23,153,14,83,9,8,4,9,8,4,9,8,4,10,7,4,9,8,4,11,4,3,2,5,22,194
194,15,101,13,161,185,9,7,4,8,8,4,8,8,4,8,8,4,9,8,3,14,4,4,1,4,20,195
195,14,135,89,157,100,9,6,4,7,8,4,8,8,3,9,7,3,7,8,4,15,6,5,1,4,19,195
195,140,13,113,133,161,8,8,2,9,5,4,6,8,4,9,6,3,6,8,4,15,8,6,0,4,17,182
182,140,100,23,107,139,8,6,3,5,8,4,9,4,4,6,7,4,7,8,2,17,10,6,0,4,16,195
195,161,67,154,111,153,6,6,4,9,3,4,6,8,2,5,7,4,8,6,2,17,13,7,0,4,15,182
182,163,89,167,199,140,5,7,3,9,3,3,7,6,2,6,5,4,6,7,2,17,15,9,0,4,14,181
181,188,183,140,156,153,5,5,4,6,6,2,9,3,2,6,6,2,5,7,2,18,16,11,0,4,13,193
193,187,133,166,184,163,4,5,4,8,3,2,5,6,2,6,5,2,5,7,1,20,17,12,0,4,12,194
194,197,157,153,185,191,5,5,2,8,2,2,4,6,2,4,4,4,5,6,1,21,20,12,0,4,11,193
193,184,170,180,195,192,4,3,4,7,2,2,4,5,2,4,5,2,4,6,1,24,22,12,0,3,10,181
106,53,141,123,50,174,11,8,4,11,8,4,11,8,4,11,8,4,11,8,4,4,3,3,2,5,24,87
87,54,38,175,133,149,10,8,4,10,8,4,10,8,4,10,8,4,10,8,4,8,2,3,1,5,22,102
102,123,171,51,70,127,9,8,4,9,8,4,9,8,4,9,8,4,9,8,4,13,0,3,0,5,20,83
83,173,38,124,87,116,8,8,4,8,8,4,9,7,4,8,8,4,9,7,4,16,2,3,0,4,19,102
102,111,51,160,86,118,9,6,4,7,8,4,7,8,4,8,7,4,8,7,4,18,4,3,0,4,18,127
127,52,134,67,69,128,6,8,4,7,7,4,9,6,3,7,7,4,6,8,4,22,3,4,0,4,17,115
115,52,82,142,86,187,6,7,4,9,5,3,6,7,4,6,7,4,6,7,4,23,6,4,0,4,16,114
114,128,52,67,101,157,6,6,4,6,6,4,6,6,4,8,5,3,6,6,4,24,10,4,0,3,15,131
131,156,82,83,86,140,6,5,4,6,5,4,7,5,3,6,5,4,6,6,3,24,13,5,0,3,14,130
130,101,102,140,87,128,5,5,4,6,5,3,6,4,4,6,4,4,6,6,2,25,15,6,0,3,13,124
124,86,127,100,128,89,6,3,4,6,4,3,4,5,4,6,4,3,6,6,1,25,17,8,0,3,12,153
153,140,133,103,81,187,6,6,0,5,4,3,5,3,4,3,5,4,6,3,3,28,17,9,0,3,11,184
51,29,174,141,53,117,11,8,4,11,8,4,11,8,4,11,8,4,11,8,4,4,3,3,2,5,24,39
39,133,108,161,40,55,10,8,4,10,8,4,10,8,4,10,8,4,11,7,4,6,4,3,1,5,22,38
38,27,128,89,105,140,9,8,4,10,7,4,11,6,4,9,8,4,10,7,4,6,7,3,0,5,20,50
50,89,160,55,26,139,9,7,4,9,7,4,11,5,4,8,8,4,9,7,4,8,9,3,0,5,19,49
49,140,143,89,39,13,8,7,4,8,7,4,11,4,4,7,8,4,9,7,3,10,10,4,0,5,18,66
66,13,128,133,52,51,11,4,3,7,7,4,8,6,4,9,6,3,6,8,4,11,12,5,0,5,17,82
82,86,140,68,89,4,9,5,3,8,5,4,5,8,4,7,7,3,10,4,3,12,14,6,0,5,16,66
66,140,102,51,3,82,7,7,2,9,4,3,4,8,4,9,4,3,8,4,4,13,16,7,0,5,15,49
49,22,52,100,115,153,9,3,3,3,8,4,8,3,4,8,4,3,7,7,1,14,18,8,0,5,14,50
78,94,141,50,29,91,11,8,4,11,8,4,11,8,4,11,8,4,11,8,4,4,3,3,2,5,24,111
111,55,37,90,133,74,11,7,4,10,8,4,10,8,4,10,8,4,11,7,4,6,5,2,1,5,22,130
130,72,73,23,89,127,9,8,4,10,7,4,9,8,4,11,6,4,9,8,4,9,5,2,0,5,20,131
131,74,133,22,13,105,9,7,4,9,7,4,9,7,4,11,6,3,9,7,4,9,8,3,0,5,19,130
130,89,67,23,157,94,9,6,4,11,6,2,9,6,4,9,6,4,9,6,4,8,12,4,0,5,18,131
131,185,93,67,140,111,9,5,4,8,6,4,9,5,4,9,6,3,11,6,1,8,14,6,0,5,17,130
130,79,102,126,153,124,8,6,3,9,4,4,8,6,3,9,5,3,10,6,1,9,15,8,0,5,16,131
131,115,98,130,114,139,8,4,4,7,6,3,9,6,1,7,6,3,8,5,3,13,15,8,0,5,15,125
125,139,154,99,114,126,8,6,1,7,5,3,6,6,3,7,4,4,6,6,3,17,15,8,0,5,14,112
170,117,91,174,103,155,11,8,4,11,8,4,11,8,4,11,8,4,11,8,4,4,3,3,2,5,24,153
153,72,173,88,156,86,10,8,4,10,8,4,10,8,4,10,8,4,10,8,4,8,3,2,1,5,22,130
78,155,174,112,94,117,11,8,4,11,8,4,11,8,4,11,8,4,11,8,4,4,3,3,2,5,24,78
78,75,108,100,161,154,10,8,4,10,8,4,10,8,4,10,8,4,10,8,4,8,2,3,1,5,22,124
124,128,111,105,58,139,10,7,4,10,7,4,9,8,4,9,8,4,9,8,4,10,3,3,0,5,20,109
109,108,130,74,67,89,9,7,4,8,8,4,9,7,4,10,7,3,10,7,3,11,5,5,0,4,19,110
110,140,79,124,94,135,10,7,2,10,7,2,7,8,4,9,6,4,9,6,4,11,7,7,0,4,18,99
99,161,77,123,78,154,8,6,4,9,5,4,6,8,4,9,7,2,9,7,2,14,8,7,0,4,17,112
112,107,122,96,153,61,8,5,4,6,7,4,8,5,4,8,7,2,8,7,2,16,10,7,0,4,16,125
125,76,144,161,77,111,7,7,2,6,6,4,8,4,4,7,5,4,8,7,1,17,12,8,0,4,15,131
131,135,61,145,163,95,7,4,4,6,7,2,5,6,4,8,7,0,6,5,4,20,12,9,0,4,14,114
114,144,146,128,77,62,4,6,4,7,7,0,7,3,4,5,5,4,5,7,2,23,13,9,0,4,13,126
126,124,140,122,48,163,5,4,4,7,3,3,6,7,0,4,7,2,4,5,4,24,15,10,0,4,12,115
115,123,176,63,130,156,5,7,0,4,4,4,3,7,2,4,4,4,6,3,3,27,16,10,0,4,11,108
108,139,163,124,157,100,3,4,4,4,3,4,5,6,0,5,3,3,3,6,2,29,19,10,0,3,10,119
119,111,101,154,153,158,4,6,0,2,6,2,2,4,4,4,3,3,4,3,3,33,19,11,0,2,9,136
136,153,185,82,141,100,2,3,4,4,3,2,1,6,2,3,3,3,4,5,0,34,21,12,0,2,8,162
162,65,128,134,140,113,1,5,2,4,3,1,2,3,3,2,3,3,3,5,0,35,22,14,0,2,7,136
136,82,127,114,128,161,0,5,2,1,3,3,2,5,0,2,3,2,4,2,1,37,23,15,0,2,6,162
162,126,67,116,161,135,1,5,0,0,4,2,1,2,3,2,2,2,4,1,1,37,27,15,0,2,5,175
175,102,127,108,107,136,0,3,2,0,5,0,1,1,3,2,1,2,3,1,1,38,30,15,0,2,4,171
171,67,105,116,119,135,0,2,2,2,0,2,0,4,0,0,1,3,2,1,1,39,33,15,0,2,3,199
199,106,82,142,161,119,1,0,2,0,1,2,0,3,0,2,0,1,0,1,3,39,36,15,0,2,2,198
198,140,128,105,174,119,0,0,2,0,2,0,0,0,2,1,0,1,0,1,3,41,38,15,0,1,1,159
172,29,138,117,103,112,11,8,4,11,8,4,11,8,4,11,8,4,11,8,4,4,3,3,2,5,24,140
140,100,102,124,55,116,10,8,4,10,8,4,10,8,4,11,7,4,10,8,4,7,4,2,1,5,22,140
140,71,77,86,67,101,10,7,4,10,7,4,10,7,4,10,7,4,9,8,4,9,5,2,0,5,20,139
139,102,82,124,89,111,10,6,4,8,8,4,10,6,4,9,7,4,10,7,3,10,7,3,0,5,19,154
154,100,138,67,140,101,10,6,3,9,6,4,10,5,4,9,7,3,7,8,4,11,9,4,0,5,18,155
155,82,124,23,113,133,6,8,4,8,6,4,10,4,4,9,6,3,8,7,3,15,10,4,0,4,17,156
156,100,22,157,153,140,8,6,3,9,4,4,8,6,3,8,5,4,6,7,4,16,13,4,0,4,16,155
155,111,11,156,153,184,8,5,3,8,4,4,7,6,3,6,7,3,8,4,4,17,15,5,0,4,15,167
78,123,91,155,117,141,11,8,4,11,8,4,11,8,4,11,8,4,11,8,4,4,3,3,2,5,24,97
97,133,105,108,124,154,10,8,4,10,8,4,10,8,4,11,7,4,10,8,4,7,4,3,2,5,23,96
96,135,89,153,155,140,10,7,4,10,7,4,11,6,4,9,8,4,10,7,4,7,8,3,2,5,22,98
98,167,108,154,111,13,8,8,4,10,6,4,9,7,4,11,6,3,10,7,3,7,9,5,1,5,20,99
99,140,67,105,153,79,8,7,4,10,7,2,9,6,4,7,8,4,11,6,2,9,9,7,1,5,19,112
112,89,111,153,163,46,9,5,4,10,7,1,8,7,3,7,8,3,11,6,1,8,10,11,1,5,18,113
113,47,111,128,112,185,10,6,1,7,8,2,9,5,3,9,7,1,8,7,2,8,10,14,0,5,16,114
114,46,187,100,157,125,9,6,1,9,4,3,7,7,2,8,6,2,8,7,1,9,13,14,0,5,15,126
45,112,50,123,117,53,11,8,4,11,8,4,11,8,4,11,8,4,11,8,4,4,3,3,2,5,24,79
79,129,69,38,111,165,10,8,4,10,8,4,10,8,4,10,8,4,11,7,4,7,4,2,1,5,22,102
102,52,24,143,191,124,9,8,4,9,8,4,9,8,4,11,6,4,9,8,4,11,5,1,0,4,20,115
115,163,142,13,86,111,11,5,4,8,8,4,8,8,4,9,7,4,9,7,4,12,8,1,0,4,19,114
114,23,87,79,128,153,8,7,4,9,6,4,9,7,3,8,7,4,11,5,3,12,11,3,0,3,18,126
126,111,140,13,63,86,11,5,2,8,7,3,8,6,4,9,6,3,9,5,4,11,14,5,0,3,17,115
115,65,23,67,116,132,9,5,3,8,5,4,11,5,1,9,4,4,7,7,3,11,17,6,0,3,16,157
157,37,140,127,102,82,7,5,4,6,7,3,9,3,4,11,4,1,9,4,3,13,20,6,0,2,15,194
194,100,36,86,126,115,9,3,3,6,5,4,11,3,1,5,7,3,8,3,4,16,22,6,0,1,14,195
195,37,126,82,140,104,5,5,4,7,3,4,9,2,3,4,7,3,10,3,1,20,23,6,0,0,13,197
197,127,81,23,116,156,6,3,4,8,2,3,4,5,4,9,3,1,4,6,3,23,24,6,0,0,12,195
195,118,13,82,126,154,8,3,1,4,4,4,7,2,3,5,3,4,4,5,3,25,26,6,0,0,11,194
194,115,140,67,142,156,4,3,4,7,1,3,4,4,3,7,3,1,4,4,3,26,28,7,0,0,10,192
192,134,126,156,82,184,6,3,1,3,3,4,6,1,3,4,3,3,4,3,3,28,30,7,0,0,9,191
191,66,140,142,184,153,3,3,3,2,3,4,5,3,1,6,0,3,4,2,3,30,32,7,0,0,8,165
165,118,185,67,153,180,4,3,1,5,0,3,2,3,3,2,3,3,4,1,3,33,32,8,0,0,7,179
179,142,111,153,180,190,3,3,1,2,3,2,5,0,2,2,2,3,4,0,3,33,34,10,0,0,6,164
164,157,124,191,163,165,3,2,1,1,3,2,3,0,3,5,0,1,1,2,3,35,35,11,0,0,5,147
147,146,170,123,178,179,4,0,1,2,2,1,1,2,2,2,0,3,0,2,3,38,36,11,0,0,4,137
172,91,123,53,174,112,11,8,4,11,8,4,11,8,4,11,8,4,11,8,4,4,3,3,2,5,24,159
159,40,100,105,161,149,10,8,4,10,8,4,10,8,4,10,8,4,10,8,4,8,3,3,2,5,23,198
198,135,89,111,41,123,10,7,4,10,7,4,10,7,4,9,8,4,9,8,4,9,6,3,2,5,22,186
186,144,87,140,124,129,9,7,4,9,7,4,10,7,3,10,6,4,9,7,4,9,9,4,2,5,21,170
170,142,111,128,86,163,8,7,4,9,6,4,10,7,2,9,6,4,9,6,4,9,11,5,1,5,19,115
115,191,52,153,158,187,9,5,4,9,5,4,9,6,3,7,7,4,10,6,2,9,14,6,0,4,17,126
126,128,157,154,178,39,10,5,2,6,7,4,9,5,3,8,5,4,8,5,4,11,16,6,0,4,16,115
115,51,156,191,133,140,7,5,4,9,4,3,7,5,4,6,6,4,10,5,1,12,18,7,0,4,15,114
114,163,157,67,132,127,7,4,4,9,3,3,6,5,4,9,5,1,6,5,4,14,21,7,0,3,14,131
131,102,158,111,140,126,6,4,4,8,3,3,7,4,3,8,5,1,5,5,4,16,22,8,0,3,13,130
130,140,124,142,132,86,4,5,4,6,4,3,7,3,3,7,5,1,6,3,4,19,23,8,0,3,12,131
131,128,52,114,153,139,7,2,3,6,2,4,6,5,1,6,3,3,3,5,4,20,26,8,0,3,11,125
125,86,185,111,130,101,6,1,4,7,2,2,6,3,2,2,5,4,5,5,1,21,27,10,0,3,10,113
113,82,170,131,112,102,4,5,1,6,2,2,1,5,4,5,3,2,6,0,4,24,28,10,0,3,9,125
132,155,112,174,103,91,11,8,4,11,8,4,11,8,4,11,8,4,11,8,4,4,3,3,2,5,24,132
170,123,94,26,117,112,11,8,4,11,8,4,11,8,4,11,8,4,11,8,4,4,3,3,2,5,24,184
184,39,125,77,88,124,10,8,4,10,8,4,11,7,4,10,8,4,10,8,4,7,3,3,1,5,22,195
195,89,124,111,112,52,9,8,4,11,6,4,10,7,4,9,8,4,9,8,4,8,5,3,0,5,20,182
182,67,100,124,153,128,9,7,4,8,8,4,10,6,4,11,5,4,9,8,3,8,8,4,0,5,19,181
181,130,185,82,111,167,9,6,4,9,8,2,8,7,4,9,7,3,10,5,4,9,9,6,0,5,18,182
182,153,139,157,140,183,9,7,2,8,6,4,9,7,2,8,6,4,9,5,4,10,11,7,0,5,17,181
181,139,170,153,182,180,7,6,4,8,7,2,7,6,4,8,5,4,9,6,2,13,12,7,0,5,16,193
170,141,123,91,103,94,11,8,4,11,8,4,11,8,4,11,8,4,11,8,4,4,3,3,2,5,24,157
157,93,105,133,148,86,11,7,4,10,8,4,10,8,4,10,8,4,10,8,4,7,4,3,2,5,23,169
169,116,149,140,79,107,10,7,4,9,8,4,10,7,4,11,7,3,10,7,4,6,7,4,1,5,21,196
196,105,63,165,127,156,10,6,4,11,6,3,8,8,4,9,7,4,10,6,4,7,10,4,0,4,19,197
197,133,100,89,123,154,8,7,4,11,5,3,10,5,4,8,7,4,10,5,4,7,14,4,0,4,18,196
196,128,111,157,124,140,10,5,3,11,4,3,8,6,4,8,6,4,10,4,4,6,18,5,0,4,17,183
183,133,82,153,187,123,8,5,4,10,3,4,11,4,2,10,4,3,8,5,4,5,22,6,0,4,16,182
182,149,198,100,140,167,7,5,4,9,4,3,10,2,4,7,5,4,10,4,2,8,23,6,0,4,15,195
195,156,111,186,183,165,6,5,4,10,1,4,8,4,3,9,4,2,6,5,4,11,24,6,0,4,14,194
194,112,169,159,182,180,9,1,4,5,5,4,7,4,3,8,4,2,6,4,4,14,25,6,0,4,13,157
157,156,111,195,186,153,4,5,4,8,1,4,7,4,2,6,4,3,6,3,4,18,26,6,0,3,12,142
142,159,79,197,185,140,5,4,3,8,1,3,6,4,2,6,3,3,3,5,4,21,25,8,0,3,11,118
118,67,158,196,128,157,8,1,2,4,4,3,5,4,2,3,5,3,6,2,3,23,26,10,0,2,10,116
116,142,13,184,141,89,6,1,3,8,1,1,4,4,2,3,4,3,3,5,2,24,27,12,0,2,9,127
127,133,156,67,116,140,2,4,3,4,3,2,8,1,0,6,0,3,3,5,1,25,29,14,0,1,8,115
115,68,157,140,118,154,7,1,0,3,3,2,1,4,3,5,0,3,3,4,1,28,30,14,0,1,7,114
114,156,153,129,69,126,3,2,2,3,3,1,4,0,3,6,1,0,0,4,3,30,32,14,0,1,6,131
131,117,86,111,154,126,3,0,3,5,1,0,3,3,0,3,1,2,0,4,3,31,33,15,0,1,5,130
130,156,116,100,102,126,3,0,2,2,0,3,3,2,0,5,0,0,0,4,3,31,36,15,0,1,4,124
124,115,112,140,118,126,4,0,0,2,2,0,2,0,2,1,0,3,0,4,3,34,36,15,0,1,3,138
138,116,153,100,114,126,0,0,3,2,0,1,1,2,0,3,0,0,0,4,3,36,36,16,0,1,2,150
150,131,81,139,116,126,2,0,0,0,2,0,1,0,1,0,0,3,0,4,3,38,36,16,0,1,1,138
132,26,117,138,94,53,11,8,4,11,8,4,11,8,4,11,8,4,11,8,4,4,3,3,2,5,24,114
166,141,112,91,138,123,11,8,4,11,8,4,11,8,4,11,8,4,11,8,4,4,3,3,2,5,24,182
182,105,150,111,133,122,10,8,4,10,8,4,10,8,4,10,8,4,11,7,4,6,4,3,1,5,22,182
182,141,144,153,149,89,9,8,4,11,6,4,10,8,3,9,8,4,10,7,4,6,6,4,0,5,20,183
183,140,177,133,123,180,10,7,3,10,6,4,8,8,4,8,8,4,10,7,3,8,7,5,0,5,19,182
182,153,165,176,157,139,10,6,3,8,7,4,9,6,4,8,7,4,9,7,3,9,10,5,0,5,18,181
181,190,156,153,166,179,9,5,4,8,6,4,8,7,3,9,6,3,7,7,4,11,12,5,0,5,17,182
182,153,140,164,180,191,8,6,3,7,6,4,6,7,4,8,6,3,8,5,4,14,13,5,0,5,16,195
195,179,153,184,192,181,5,7,4,7,6,3,8,5,3,7,5,4,7,6,3,16,14,6,0,5,15,194
194,190,180,191,166,196,6,5,4,6,6,3,4,7,4,6,6,3,7,5,3,20,14,6,0,5,14,157
157,192,193,163,153,184,5,5,4,5,6,3,4,6,4,5,6,3,6,5,3,24,15,6,0,4,13,142
142,180,190,153,185,197,4,6,3,4,5,4,4,6,3,5,6,2,5,5,3,27,15,8,0,3,12,116
116,184,128,180,153,111,4,5,3,5,6,1,4,4,4,4,5,3,4,6,2,28,16,10,0,3,11,104
104,153,79,169,154,89,4,3,4,4,6,1,3,5,3,3,5,3,5,6,0,29,17,12,0,3,10,86
86,105,156,153,184,67,4,6,0,2,5,3,3,4,3,4,2,4,4,6,0,30,19,13,0,3,9,104
104,156,140,157,52,108,4,1,4,3,4,2,1,5,3,4,5,0,3,6,0,31,21,14,0,3,8,86
86,140,158,105,40,128,3,1,4,0,5,3,2,6,0,3,5,0,3,4,1,34,21,15,0,3,7,69
69,82,89,87,41,158,3,0,4,3,4,0,2,5,0,2,5,0,0,5,3,34,23,16,0,3,6,68
68,55,86,52,66,158,3,3,0,2,4,0,2,4,0,2,0,4,0,5,3,34,26,16,0,3,5,85
85,52,40,54,67,158,2,3,0,1,4,0,2,3,0,1,0,4,0,5,3,36,27,16,0,3,4,103
103,41,52,84,39,158,1,3,0,0,4,0,0,0,4,1,3,0,0,5,3,39,27,16,0,3,3,102
102,52,67,87,84,158,0,3,0,0,3,0,1,2,0,0,0,4,0,5,3,39,29,16,0,3,2,83
83,52,13,41,84,158,0,2,0,0,2,0,1,1,0,0,0,4,0,5,3,38,32,16,0,3,1,101
127,141,117,103,53,26,11,8,4,11,8,4,11,8,4,11,8,4,11,8,4,4,3,3,2,5,24,126
126,69,102,39,88,142,10,8,4,10,8,4,10,8,4,10,8,4,10,8,4,7,3,3,1,5,22,126
126,87,51,115,52,157,9,8,4,9,8,4,9,8,4,9,8,4,10,7,4,10,4,3,0,4,20,140
140,142,13,127,67,86,10,6,4,9,7,4,8,8,4,8,8,4,9,7,4,11,7,3,0,4,19,156
156,67,102,128,133,65,9,7,3,9,6,4,9,6,4,7,8,4,8,7,4,12,9,4,0,4,18,169
169,127,135,67,83,82,7,7,4,9,5,4,8,6,4,8,6,4,9,6,3,13,13,4,0,3,17,184
184,140,101,111,133,128,9,5,3,7,6,4,8,6,3,6,7,4,9,4,4,14,15,5,0,3,16,196
196,157,163,82,153,185,6,6,4,8,6,2,6,6,4,9,5,2,9,4,3,14,16,8,0,3,15,197
197,153,184,140,111,156,9,4,2,9,4,2,6,5,4,8,6,1,6,5,4,13,19,10,0,3,14,195
195,184,154,168,163,180,6,4,4,6,4,4,8,4,2,8,6,0,9,3,2,13,22,11,0,3,13,194
194,139,191,184,197,181,5,4,4,8,5,0,7,4,2,5,4,4,8,3,2,16,23,11,0,3,12,195
132,141,91,103,155,117,11,8,4,11,8,4,11,8,4,11,8,4,11,8,4,4,3,3,2,5,24,139
139,102,129,107,158,168,10,8,4,10,8,4,10,8,4,10,8,4,10,8,4,7,3,3,1,5,22,139
139,159,184,161,142,115,9,8,4,9,8,4,10,7,4,9,8,4,9,8,4,9,4,3,0,5,20,130
130,114,128,186,158,153,8,8,4,10,6,4,8,8,4,8,8,4,9,7,4,11,6,3,0,5,19,139
139,198,157,185,132,152,7,8,4,7,8,4,10,6,3,7,8,4,8,7,4,14,6,4,0,5,18,130
130,187,184,114,153,133,6,8,4,9,6,3,6,8,4,7,7,4,7,7,4,17,7,4,0,5,17,124
106,94,50,138,117,174,11,8,4,11,8,4,11,8,4,11,8,4,11,8,4,4,3,3,2,5,24,119
127,155,174,138,123,29,11,8,4,11,8,4,11,8,4,11,8,4,11,8,4,4,3,3,2,5,24,141
141,154,152,16,122,175,10,8,4,10,8,4,10,8,4,10,8,4,10,8,4,7,3,3,1,5,22,141
141,29,153,121,171,155,9,8,4,9,8,4,9,8,4,9,8,4,9,8,4,10,3,3,0,5,20,133
133,122,168,185,55,175,8,8,4,8,8,4,9,8,3,9,7,4,8,8,4,12,4,4,0,5,19,141
141,89,155,144,174,128,9,6,4,7,8,4,8,7,4,7,8,4,9,8,2,14,6,5,0,4,18,133
133,161,163,143,156,140,6,8,4,8,6,4,8,8,2,6,8,4,9,6,3,16,7,6,0,4,17,127
127,154,111,199,142,126,6,7,4,8,6,3,6,7,4,7,8,2,8,6,3,17,9,7,0,4,16,133
133,198,140,79,116,156,5,7,4,7,6,3,8,6,2,7,7,2,6,6,4,19,11,8,0,3,15,141
141,67,159,142,157,126,8,6,1,4,7,4,7,6,2,5,6,4,6,6,3,22,12,9,0,2,14,133
132,117,138,94,155,174,11,8,4,11,8,4,11,8,4,11,8,4,11,8,4,4,3,3,2,5,24,131
131,175,154,93,124,108,10,8,4,10,8,4,10,8,4,10,8,4,10,8,4,7,3,3,1,5,22,114
114,111,79,105,155,171,9,8,4,10,8,3,10,7,4,9,8,4,9,8,4,9,4,4,1,5,21,113
113,108,111,173,168,100,10,6,4,10,8,2,8,8,4,8,8,4,9,7,4,10,6,5,1,5,20,115
115,155,160,153,116,113,7,8,4,7,8,4,10,8,1,10,5,4,8,7,4,11,7,6,0,5,18,102
102,100,128,156,108,139,7,7,4,6,8,4,6,8,4,10,4,4,9,8,1,15,8,6,0,4,17,67
67,154,117,140,89,111,8,8,1,9,4,4,6,7,4,6,8,3,7,6,4,17,9,7,0,4,16,65
65,79,116,140,105,133,7,6,3,8,4,4,8,7,1,5,8,3,6,6,4,19,10,8,0,4,15,22
22,87,127,82,86,111,5,7,3,6,5,4,8,6,1,8,3,4,7,6,2,19,13,9,0,4,14,35
35,116,86,67,65,103,6,4,4,5,6,3,7,6,1,7,6,1,7,3,4,21,15,10,0,3,13,48
48,69,117,102,22,82,4,6,3,5,4,4,6,3,4,7,5,1,7,5,1,23,17,10,0,3,12,63
63,88,101,68,35,67,4,4,4,6,5,1,3,6,3,6,5,1,6,2,4,26,18,10,0,3,11,80
80,100,89,67,79,48,5,5,1,3,4,4,2,6,3,6,2,3,5,5,1,30,18,11,0,2,10,99
99,67,102,35,13,112,6,2,2,2,5,3,4,5,1,3,4,3,4,5,1,31,19,13,0,2,9,110
110,65,23,67,125,79,3,5,1,2,4,3,2,4,3,3,5,1,6,2,1,33,20,14,0,2,8,109
109,63,79,112,98,3,3,4,1,2,4,2,2,5,1,5,2,1,2,3,3,34,22,15,0,2,7,124
124,23,65,97,78,100,2,2,3,3,3,1,4,2,1,1,4,2,1,5,1,36,24,15,0,2,6,153
153,13,79,98,82,111,1,2,3,0,4,2,3,2,1,3,2,1,1,4,1,39,25,15,0,2,5,185
185,110,46,140,78,163,2,2,1,1,2,2,3,1,1,0,3,2,1,4,0,40,27,17,0,1,4,187
187,46,79,111,126,144,0,2,2,1,2,1,1,2,1,2,1,1,1,3,0,42,29,18,0,0,3,188
188,140,63,123,153,78,1,1,1,1,1,1,1,2,0,1,2,0,0,1,2,42,32,19,0,0,2,199
199,64,46,184,148,133,0,1,1,0,0,2,1,1,0,0,2,0,1,0,1,43,35,19,0,0,1,198
45,138,141,91,103,117,11,8,4,11,8,4,11,8,4,11,8,4,11,8,4,4,3,3,2,5,24,13
13,88,107,142,152,102,10,8,4,10,8,4,10,8,4,10,8,4,10,8,4,8,3,2,1,5,22,13
13,153,89,67,128,72,9,8,4,9,8,4,10,7,4,9,8,4,10,7,4,11,5,0,0,5,20,24
24,82,160,140,107,139,10,6,4,8,8,4,9,8,3,10,6,4,8,8,4,12,7,1,0,5,19,37
37,161,126,67,130,143,10,5,4,8,8,3,10,5,4,7,8,4,7,8,4,14,9,1,0,5,18,36
36,135,82,128,124,115,6,8,4,10,4,4,10,4,4,6,8,4,7,8,3,16,11,1,0,5,17,35
35,161,140,111,127,81,6,7,4,10,4,3,5,8,4,6,8,3,9,4,4,18,12,2,0,5,16,48
48,133,79,128,100,82,6,7,3,5,8,3,6,6,4,8,4,4,10,3,3,18,15,3,0,5,15,34
34,80,89,62,66,127,7,4,4,6,6,3,4,8,3,9,3,3,6,6,3,20,16,4,0,5,14,46
46,65,102,79,100,67,8,3,3,6,5,3,3,8,3,6,4,4,6,6,2,23,16,5,0,5,13,47
47,111,67,65,78,63,6,3,4,6,4,3,6,5,2,2,8,3,8,2,3,24,20,5,0,4,12,62
62,63,34,61,23,79,6,4,2,8,1,3,1,8,3,6,3,3,6,3,3,24,23,6,0,4,11,48
106,29,141,50,174,138,11,8,4,11,8,4,11,8,4,11,8,4,11,8,4,4,3,3,2,5,24,89
89,173,49,124,133,55,10,8,4,10,8,4,10,8,4,10,8,4,11,7,4,7,3,3,1,5,22,65
65,89,140,66,111,188,11,6,4,10,7,4,9,8,4,10,7,4,9,8,4,9,5,2,0,5,20,64
64,128,13,133,67,82,8,8,4,11,6,3,10,6,4,10,7,3,8,8,4,10,6,4,0,5,19,63
63,67,23,127,89,24,8,7,4,10,6,3,10,5,4,8,8,3,10,6,3,10,9,5,0,5,18,80
80,13,67,102,22,82,9,6,3,8,8,2,10,4,4,10,5,3,8,6,4,11,12,6,0,4,17,63
63,67,111,46,100,65,10,3,4,8,8,1,9,6,2,8,5,4,10,4,3,10,15,8,0,4,16,48
48,34,100,64,80,79,9,5,2,8,7,1,9,4,3,7,5,4,10,3,3,11,17,9,0,4,15,35
35,100,65,62,82,63,6,5,4,8,4,3,9,3,3,8,6,1,9,4,2,13,19,9,0,4,14,36
36,66,79,22,111,48,7,6,1,8,3,3,8,3,3,6,4,4,8,4,2,15,21,9,0,4,13,37
37,79,3,67,49,35,6,4,3,8,2,3,8,3,2,6,6,1,7,4,2,16,22,11,0,4,12,24
24,36,51,4,46,50,6,4,2,7,3,2,7,2,3,6,4,2,5,6,1,19,22,12,0,4,11,13
172,138,29,112,50,26,11,8,4,11,8,4,11,8,4,11,8,4,11,8,4,4,3,3,2,5,24,170
170,111,15,124,55,38,10,8,4,10,8,4,10,8,4,11,7,4,10,8,4,6,4,3,1,5,22,158
158,54,41,51,100,153,10,7,4,10,7,4,9,8,4,10,7,4,10,7,4,7,7,3,0,4,20,142
142,67,54,82,55,180,8,8,4,9,7,4,10,6,4,9,7,4,10,6,4,9,9,3,0,4,19,143
143,41,89,101,184,13,8,7,4,9,6,4,9,6,4,10,5,4,8,8,3,10,11,4,0,4,18,129
129,23,87,114,153,140,8,7,3,8,6,4,8,6,4,10,4,4,9,6,3,10,14,5,0,4,17,117
117,166,89,105,115,67,9,4,4,9,6,2,8,5,4,7,6,4,8,6,3,11,16,6,0,4,16,129
129,127,102,108,88,153,6,6,4,8,5,3,7,5,4,8,6,2,8,4,4,14,17,6,0,4,15,118
118,185,89,127,134,135,8,4,3,7,6,2,8,4,3,5,6,4,7,4,4,15,19,7,0,4,14,116
116,128,143,115,141,170,7,6,1,6,4,4,7,4,3,4,6,4,7,4,3,18,19,8,0,4,13,117
117,142,157,128,102,135,3,6,4,6,4,3,5,4,4,6,4,3,7,5,1,21,20,8,0,4,12,88
88,133,128,116,140,86,6,3,3,7,4,1,3,5,4,5,4,3,6,3,3,20,24,9,0,4,11,87
106,94,141,26,53,155,11,8,4,11,8,4,11,8,4,11,8,4,11,8,4,4,3,3,2,5,24,89
89,154,39,142,93,69,10,8,4,10,8,4,10,8,4,11,7,4,10,8,4,6,4,3,1,5,22,133
133,68,79,51,156,157,9,8,4,11,7,3,9,8,4,10,7,4,10,7,4,8,5,3,0,5,20,141
141,133,140,98,67,39,10,6,4,9,7,4,10,7,3,8,8,4,8,8,4,12,6,3,0,4,19,142
142,52,79,102,157,82,7,8,4,9,7,3,8,7,4,10,5,4,9,6,4,13,9,3,0,4,18,128
128,66,142,67,63,115,8,6,4,10,4,4,7,7,4,9,6,3,7,7,4,15,11,3,0,4,17,185
185,64,111,82,127,158,8,6,3,7,7,3,7,6,4,6,7,4,9,4,4,19,11,3,0,4,16,186
186,140,81,124,116,141,7,5,4,7,6,3,7,6,3,6,6,4,8,4,4,20,14,3,0,4,15,198
198,127,142,82,111,156,5,6,4,7,4,4,6,6,3,7,5,3,6,5,4,23,15,3,0,4,14,199
199,153,140,133,157,143,7,5,2,6,5,3,5,5,4,5,5,4,6,4,4,24,17,4,0,4,13,171
171,128,133,153,141,185,5,4,4,5,4,4,6,5,2,4,5,4,7,5,1,26,18,6,0,3,12,173
173,185,128,140,161,142,6,5,1,7,5,0,5,3,4,5,3,4,3,5,4,26,20,8,0,3,11,171
171,89,143,128,188,174,5,3,3,2,5,4,6,5,0,6,5,0,4,3,4,28,20,10,0,3,10,173
173,160,128,199,161,175,1,5,4,5,3,2,5,5,0,6,4,0,3,3,4,30,21,11,0,3,9,188
172,50,155,26,103,141,11,8,4,11,8,4,11,8,4,11,8,4,11,8,4,4,3,3,2,5,24,140
140,102,39,38,134,167,10,8,4,10,8,4,10,8,4,10,8,4,10,8,4,8,3,2,1,5,22,100
100,153,141,50,51,83,9,8,4,9,8,4,9,8,4,9,8,4,9,8,4,13,2,2,0,4,20,80
80,52,142,102,37,124,8,8,4,8,8,4,8,8,4,8,8,4,9,7,4,17,3,2,0,3,19,63
63,111,36,67,157,39,9,6,4,7,8,4,8,7,4,8,7,4,7,8,4,18,6,2,0,3,18,80
80,35,25,133,100,13,6,8,4,6,8,4,8,6,4,9,5,4,8,7,3,19,8,3,0,3,17,99
99,127,38,80,65,89,8,5,4,5,8,4,8,5,4,5,8,4,8,7,2,21,9,4,0,3,16,98
98,88,22,24,133,63,7,7,2,5,7,4,4,8,4,8,4,4,7,5,4,23,11,4,0,3,15,110
110,141,34,100,89,13,7,4,4,5,6,4,7,4,4,6,7,2,3,8,4,25,13,4,0,3,14,99
99,22,133,63,46,67,5,5,4,6,4,4,7,3,4,3,8,3,6,7,1,25,15,6,0,3,13,98
98,13,34,127,80,111,3,8,2,4,5,4,6,3,4,6,3,4,6,7,0,26,16,8,0,3,12,79
79,124,102,100,23,47,5,7,0,6,2,4,5,3,4,3,7,2,3,5,4,28,18,8,0,3,11,78
78,13,109,111,67,62,3,6,2,4,7,0,5,2,4,6,1,4,2,5,4,30,21,8,0,2,10,77
77,65,52,96,79,124,6,0,4,3,5,2,3,7,0,1,5,4,5,1,4,32,24,8,0,1,9,58
58,67,35,78,77,109,3,4,2,5,0,4,0,5,4,5,0,4,2,7,0,35,26,8,0,0,8,44
44,36,124,78,46,82,4,0,4,1,7,0,4,0,4,0,4,4,3,3,2,37,28,8,0,0,7,31
31,67,49,77,1,61,3,2,2,3,0,4,1,6,0,0,4,3,3,0,4,38,30,9,0,0,6,18
18,124,62,66,13,46,1,5,0,2,0,4,2,0,4,3,2,1,0,4,2,39,31,11,0,0,5,43
43,48,67,77,46,74,1,0,4,1,0,4,1,4,0,3,2,0,0,4,1,40,32,13,0,0,4,31
31,13,34,58,78,33,1,0,3,0,0,4,0,3,1,1,3,0,2,2,0,41,34,14,0,0,3,43
43,74,46,77,32,34,0,2,1,1,0,2,1,2,0,1,2,0,0,0,4,41,36,15,0,0,2,31
31,19,74,94,95,34,0,2,0,1,0,1,0,1,1,0,2,0,0,0,4,42,37,16,0,0,1,18
170,141,138,155,123,174,11,8,4,11,8,4,11,8,4,11,8,4,11,8,4,4,3,3,2,5,24,185
185,161,122,154,134,150,10,8,4,11,7,4,10,8,4,10,8,4,10,8,4,7,4,3,2,5,23,124
124,138,127,123,153,128,9,8,4,9,8,4,11,6,4,10,7,4,10,7,4,9,6,2,1,5,21,112
112,140,115,152,163,148,10,7,3,8,8,4,8,8,4,10,7,3,10,6,4,11,5,4,0,5,19,99
99,138,149,191,102,139,7,8,4,9,6,4,10,6,3,7,8,4,9,7,3,14,6,4,0,5,18,110
110,130,67,163,123,124,8,7,3,7,7,4,10,5,3,8,6,4,6,8,4,16,8,4,0,5,17,98
98,149,131,153,77,13,7,6,4,7,7,3,10,5,2,6,7,4,7,7,3,17,9,6,0,5,16,79
79,123,111,114,78,23,6,6,4,10,5,1,6,7,3,6,6,4,7,6,3,18,11,7,0,5,15,62
62,101,3,153,144,46,5,7,3,7,5,3,10,5,0,6,5,4,6,5,4,18,14,8,0,5,14,48
48,12,124,100,123,79,6,5,3,10,4,0,4,7,3,6,4,4,6,5,3,19,16,9,0,5,13,35
35,124,23,109,63,111,6,3,4,5,5,3,9,4,0,6,4,3,4,6,3,20,19,9,0,5,12,36
36,65,111,110,153,3,6,3,3,6,2,4,8,4,0,4,6,2,5,4,3,20,22,10,0,5,11,37
37,124,11,111,67,35,4,5,2,4,4,3,7,4,0,6,2,3,5,3,3,22,23,11,0,5,10,50
50,100,22,77,36,66,7,3,0,3,4,3,4,4,2,4,3,3,5,2,3,24,25,11,0,5,9,38
38,65,78,37,23,101,4,2,3,4,3,2,3,3,3,2,4,3,6,3,0,27,26,11,0,5,8,25
25,82,46,3,36,66,5,3,0,4,2,2,2,3,3,2,3,3,3,2,3,29,28,11,0,5,7,14
14,82,13,37,23,67,2,2,3,4,2,1,1,3,3,2,2,3,5,2,0,30,30,12,0,5,6,25
25,140,24,68,13,52,2,1,3,0,3,3,4,2,0,1,2,3,4,1,1,33,32,12,0,4,5,38
38,14,153,51,67,24,1,1,3,2,1,2,3,2,0,4,0,1,0,3,3,33,34,13,0,4,4,50
50,111,39,25,66,24,2,1,1,2,2,0,0,1,3,3,0,1,0,3,3,35,34,14,0,4,3,37
37,67,26,49,25,24,2,1,0,1,2,0,2,0,1,0,1,3,0,3,3,36,34,15,0,4,2,36
36,50,15,66,25,24,1,0,1,0,2,0,1,1,0,0,1,3,0,3,3,38,34,15,0,4,1,35
45,103,91,94,26,117,11,8,4,11,8,4,11,8,4,11,8,4,11,8,4,4,3,3,2,5,24,76
76,39,129,93,90,102,10,8,4,10,8,4,11,7,4,10,8,4,10,8,4,6,4,3,1,5,22,62
62,105,117,67,92,52,9,8,4,9,8,4,10,7,4,10,7,4,9,8,4,8,5,3,0,5,20,48
48,13,74,79,88,89,9,7,4,9,7,4,10,7,3,8,8,4,8,8,4,10,6,4,0,5,19,35
35,89,94,67,46,62,7,8,4,9,6,4,8,8,3,9,7,3,9,7,3,11,7,6,0,5,18,36
36,13,61,77,1,111,7,8,3,8,7,3,9,5,4,9,7,2,8,8,2,11,8,9,0,5,17,35
35,58,78,100,62,67,9,6,2,8,5,4,8,7,2,7,7,3,7,8,2,12,10,10,0,5,16,36
36,82,79,48,46,65,8,6,2,7,5,4,6,7,3,9,5,2,7,7,2,13,13,10,0,5,15,49
49,35,63,46,67,34,5,7,3,7,6,2,7,5,3,8,5,2,9,4,2,13,16,11,0,5,14,50
50,23,13,65,22,48,8,4,2,7,5,2,7,5,2,4,7,3,8,4,2,14,18,12,0,5,13,38
38,34,82,3,67,12,7,4,2,7,4,2,4,6,3,7,5,1,7,4,2,15,20,13,0,5,12,24
24,3,67,46,23,51,6,4,2,7,3,2,7,3,2,4,5,3,6,5,1,16,23,13,0,5,11,37
166,94,29,112,103,123,11,8,4,11,8,4,11,8,4,11,8,4,11,8,4,4,3,3,2,5,24,181
181,124,102,111,55,74,11,7,4,10,8,4,10,8,4,11,7,4,11,7,4,5,6,3,2,5,23,182
182,89,67,111,153,58,11,6,4,10,7,4,11,6,4,10,8,3,11,6,4,4,10,4,2,5,22,183
183,77,111,140,124,166,11,5,4,10,7,3,11,6,3,11,5,4,9,8,3,4,12,6,2,5,21,196
196,181,163,124,153,133,8,8,3,10,7,2,11,4,4,11,4,4,11,5,3,4,15,7,2,5,20,197
197,130,153,193,185,127,10,4,4,10,7,1,7,8,3,11,4,3,11,4,3,5,16,9,2,5,19,196
196,166,139,133,128,194,9,7,1,9,4,4,10,4,3,11,4,2,6,8,3,8,16,10,2,5,18,197
197,192,157,153,140,185,5,8,3,10,3,3,8,7,1,8,4,4,11,4,1,10,17,11,2,5,17,196
196,187,156,191,89,184,11,3,1,10,2,3,4,8,3,8,4,3,8,6,1,10,20,12,2,5,16,183
183,140,169,185,190,197,8,4,2,9,2,3,11,2,1,3,8,3,7,6,1,12,21,13,2,5,15,182
182,176,153,156,186,184,3,7,3,8,4,1,8,2,3,10,2,1,6,6,1,14,22,14,2,5,14,195
195,154,185,190,180,196,8,1,3,9,2,1,3,6,3,8,3,1,5,6,1,15,25,14,2,5,13,194
194,192,197,156,193,184,2,6,3,4,6,1,8,0,3,7,3,1,8,2,1,18,26,14,2,5,12,182
182,181,196,155,195,194,6,3,1,7,2,1,7,0,3,3,6,1,1,6,3,21,26,14,1,5,10,166
166,193,197,184,182,167,0,6,3,2,6,1,6,2,1,5,3,1,6,0,3,24,26,14,0,5,8,151
151,184,153,196,183,193,1,6,1,5,0,3,5,2,1,4,3,1,0,6,3,27,26,14,0,5,7,165
165,152,180,197,166,193,4,0,3,1,5,1,4,2,1,3,3,1,0,6,3,29,27,14,0,5,6,179
179,151,184,153,190,193,2,3,1,3,2,1,3,0,3,1,4,1,0,6,3,32,28,14,0,4,5,164
164,180,169,165,185,193,1,3,1,2,2,1,1,3,1,3,0,2,0,6,3,33,29,15,0,4,4,147
147,186,184,123,181,193,2,0,2,1,2,1,1,2,1,0,3,1,0,6,3,35,30,15,0,4,3,164
164,198,148,180,181,193,1,0,2,0,2,1,1,1,1,0,3,1,0,6,3,36,31,15,0,4,2,147
147,153,186,148,181,193,1,0,1,0,0,2,0,2,1,0,3,1,0,6,3,36,32,15,0,4,1,164
104,138,155,112,117,103,11,8,4,11,8,4,11,8,4,11,8,4,11,8,4,4,3,3,2,5,24,104
104,85,88,100,154,150,10,8,4,10,8,4,10,8,4,10,8,4,10,8,4,7,3,3,1,5,22,116
116,140,138,81,103,89,9,8,4,9,8,4,9,8,4,9,8,4,9,8,4,11,3,3,0,4,20,127
127,102,82,124,133,13,8,8,4,8,8,4,8,8,4,9,7,4,9,8,3,14,4,4,0,3,19,126
126,157,52,111,140,127,9,6,4,9,7,3,8,7,4,8,7,4,8,7,4,13,9,4,0,3,18,114
114,126,82,142,67,40,7,7,4,8,6,4,9,5,4,8,7,3,8,7,3,14,11,5,0,3,17,131
131,52,82,141,81,115,7,7,3,8,6,3,8,5,4,7,6,4,6,7,4,17,12,5,0,3,16,125
125,64,100,158,114,67,6,6,4,8,5,3,7,5,4,5,7,4,7,6,3,19,14,5,0,3,15,112
132,138,117,174,103,53,11,8,4,11,8,4,11,8,4,11,8,4,11,8,4,4,3,3,2,5,24,114
114,102,173,88,124,69,10,8,4,10,8,4,10,8,4,10,8,4,10,8,4,8,3,3,2,5,23,114
114,68,188,117,123,115,9,8,4,9,8,4,9,8,4,10,7,4,9,8,4,10,4,3,1,5,21,131
131,88,187,67,124,126,8,8,4,8,8,4,8,8,4,10,6,4,8,8,4,13,5,3,1,5,20,125
125,114,153,128,89,111,7,8,4,10,5,4,8,7,4,7,8,4,8,8,3,14,7,4,1,5,19,99
99,140,185,111,115,100,7,8,3,8,7,3,10,5,3,6,8,4,8,7,3,13,8,7,0,5,17,98
98,63,127,112,184,153,8,6,3,5,8,4,9,5,3,8,6,3,7,8,2,14,10,8,0,5,16,97
97,180,111,99,102,79,8,5,3,7,8,1,8,5,3,5,7,4,7,6,3,15,12,9,0,5,15,109
109,67,124,153,98,78,5,6,4,7,7,1,8,4,3,7,5,3,7,5,3,15,16,9,0,5,14,96
96,124,111,110,109,77,8,3,3,5,6,3,6,5,3,6,7,1,6,5,3,17,17,10,0,5,13,97
97,109,67,110,96,98,7,3,3,5,6,2,5,7,1,5,5,3,5,5,3,20,17,11,0,5,12,78
78,23,96,98,79,97,5,5,2,6,3,3,4,7,1,4,5,3,4,5,3,23,18,11,0,5,11,61
61,79,78,13,62,77,3,7,1,3,5,3,4,5,2,3,5,3,5,3,3,27,18,11,0,5,10,60
60,79,14,61,76,46,3,4,3,4,4,2,2,5,3,4,3,3,3,7,0,28,20,12,0,5,9,45
106,155,112,91,141,103,11,8,4,11,8,4,11,8,4,11,8,4,11,8,4,4,3,3,2,5,24,108
108,86,105,99,154,134,10,8,4,10,8,4,10,8,4,10,8,4,10,8,4,8,2,3,1,5,22,117
117,140,112,118,108,104,9,8,4,9,8,4,9,8,4,10,7,4,9,8,4,12,2,3,0,4,20,88
88,86,111,128,116,129,8,8,4,8,8,4,9,8,3,10,6,4,8,8,4,14,3,4,0,4,19,89
89,117,100,116,127,140,7,8,4,8,7,4,8,7,4,10,5,4,9,8,2,14,6,5,0,4,18,13
13,102,128,86,88,111,10,4,4,9,8,1,8,6,4,6,8,4,8,6,4,15,9,5,0,4,17,14
14,100,117,89,67,116,8,5,4,5,8,4,9,8,0,10,3,4,8,5,4,16,11,6,0,4,16,25
25,55,88,111,13,127,9,7,0,4,8,4,8,4,4,10,3,3,7,5,4,17,13,7,0,4,15,38
38,115,79,54,89,24,6,5,4,8,4,3,8,7,0,3,8,4,9,3,3,20,13,8,0,4,14,50
50,13,67,102,41,55,8,3,3,8,4,2,5,5,4,7,7,0,3,7,4,22,14,9,0,4,13,49
49,54,15,67,51,52,2,7,4,7,6,0,5,4,4,7,4,2,8,2,3,23,17,9,0,4,12,50
50,51,41,39,14,66,7,2,3,1,7,4,6,4,2,6,6,0,4,4,4,27,17,9,0,4,11,37
37,51,49,29,13,38,5,4,2,3,4,4,0,7,4,6,5,0,6,2,3,30,18,9,0,4,10,36
36,55,50,52,66,24,0,6,4,5,2,3,4,4,2,2,4,4,5,5,0,33,19,9,0,4,9,35
35,89,37,49,65,13,0,5,4,4,5,0,4,2,3,1,4,4,4,3,2,35,21,9,0,4,8,48
48,66,35,13,23,36,3,2,3,0,4,4,0,5,3,4,2,2,3,5,0,37,22,10,0,4,7,62
62,12,46,37,67,35,3,2,2,0,5,2,2,5,0,2,2,3,0,4,4,39,22,11,0,4,6,48
48,36,66,23,79,35,1,5,0,1,2,3,2,2,2,0,5,1,0,4,4,41,22,12,0,4,5,62
62,37,67,13,63,35,0,5,0,0,2,3,1,2,2,0,4,1,0,4,4,43,23,12,0,4,4,61
61,13,34,46,37,35,0,2,2,0,3,1,1,2,1,0,5,0,0,4,4,42,24,14,0,4,3,60
60,46,79,14,37,35,0,2,1,1,2,0,0,1,2,0,5,0,0,4,4,41,26,15,0,4,2,76
76,15,13,62,37,35,0,0,2,0,2,0,0,2,0,0,5,0,0,4,4,41,27,16,0,4,1,60
45,174,112,103,29,26,11,8,4,11,8,4,11,8,4,11,8,4,11,8,4,4,3,3,2,5,24,61
61,15,55,102,161,125,10,8,4,11,7,4,10,8,4,10,8,4,10,8,4,6,4,3,1,5,22,79
79,112,128,67,89,41,9,8,4,10,7,4,10,7,4,11,6,4,10,7,4,6,8,3,0,4,20,98
98,52,89,55,82,125,10,6,4,10,7,3,11,5,4,10,6,4,8,8,4,7,11,4,0,3,19,97
97,112,81,89,67,51,7,8,4,9,6,4,11,4,4,10,7,2,9,6,4,9,12,5,0,3,18,96
96,52,23,88,64,111,8,6,4,10,6,2,10,4,4,8,6,4,6,8,4,12,13,5,0,3,17,109
109,89,12,81,13,153,9,4,4,9,6,2,7,6,4,8,5,4,6,8,3,14,14,6,0,3,16,97
97,3,100,52,124,67,8,6,2,6,6,4,8,4,4,6,7,3,9,4,3,15,16,7,0,3,15,96
96,22,13,82,109,111,8,5,2,8,3,4,6,5,4,5,7,3,9,4,2,15,19,8,0,3,14,77
77,110,97,67,23,65,8,4,2,4,7,3,6,4,4,7,3,4,8,4,2,17,21,8,0,3,13,58
58,63,67,78,109,51,8,3,2,7,2,4,3,7,3,7,4,2,5,4,4,20,22,8,0,3,12,1
1,67,96,13,34,79,4,4,4,6,4,2,7,2,3,8,2,2,3,6,3,22,23,9,0,3,11,9
9,93,10,13,77,46,3,6,2,7,2,2,4,4,3,5,4,2,7,2,2,24,23,12,0,2,10,20
20,21,46,94,76,33,6,2,2,4,4,2,3,5,2,4,4,2,6,2,2,26,24,13,0,2,9,9
9,33,93,58,60,20,5,2,2,3,4,2,4,3,2,3,4,2,5,2,2,28,26,13,0,2,8,19
19,9,92,32,45,59,4,2,2,2,4,2,4,2,2,2,4,2,3,3,2,32,26,13,0,2,7,8
8,46,1,73,19,58,1,4,2,3,2,2,1,4,2,3,2,2,2,3,2,36,26,13,0,2,6,18
18,9,33,57,8,44,2,2,2,0,4,2,0,4,2,2,2,2,1,3,2,40,26,13,0,2,5,43
71,112,138,174,103,91,11,8,4,11,8,4,11,8,4,11,8,4,11,8,4,4,3,3,2,5,24,67
67,105,86,161,124,111,10,8,4,10,8,4,10,8,4,10,8,4,10,8,4,8,3,2,1,5,22,13
13,153,69,89,67,128,10,7,4,9,8,4,10,7,4,10,8,3,10,7,4,9,6,1,0,5,20,24
24,142,67,53,23,140,10,6,4,10,7,3,8,8,4,10,7,3,10,7,3,9,8,3,0,5,19,38
38,37,118,65,40,139,9,7,3,9,6,4,10,6,3,7,8,4,9,7,3,12,9,3,0,5,18,25
25,41,82,23,116,140,6,8,4,10,5,3,8,7,3,8,6,4,8,7,3,15,10,3,0,5,17,14
14,89,86,22,67,29,8,7,2,8,5,4,7,7,3,10,4,3,6,7,4,15,13,4,0,5,16,25
25,51,23,52,13,15,9,4,3,6,7,3,8,4,4,8,7,1,6,6,4,16,15,5,0,5,15,38
38,41,67,37,39,14,6,5,4,8,3,4,5,7,3,8,4,3,8,6,1,17,18,5,0,5,14,51
51,138,141,155,174,123,11,8,4,11,8,4,11,8,4,11,8,4,11,8,4,4,3,3,2,5,24,82
82,154,133,173,122,124,10,8,4,10,8,4,10,8,4,11,7,4,10,8,4,7,3,3,1,5,22,132
132,144,109,188,127,139,11,6,4,9,8,4,9,8,4,10,7,4,9,8,4,10,4,3,0,4,20,114
114,153,115,199,110,177,8,8,4,9,7,4,8,8,4,8,8,4,10,6,4,14,4,3,0,4,19,101
101,176,128,114,99,140,9,6,4,8,7,4,8,7,4,7,8,4,8,8,3,16,5,4,0,4,18,100
100,110,177,126,156,188,6,8,4,8,6,4,7,7,4,7,8,3,7,7,4,20,5,4,0,4,17,112
112,199,140,115,163,98,6,7,4,7,7,3,6,7,4,7,6,4,5,8,4,23,6,4,0,4,16,100
100,198,133,99,114,111,5,7,4,7,6,3,4,8,4,5,7,4,7,6,3,25,7,5,0,4,15,63
63,187,127,80,131,67,4,7,4,7,5,3,3,8,4,4,7,4,7,6,2,28,8,6,0,3,14,34
34,133,185,125,63,65,7,4,3,4,6,4,3,7,4,2,8,4,7,5,2,30,11,6,0,2,13,47
47,113,127,170,48,66,2,7,4,7,3,3,3,6,4,1,8,4,6,5,2,34,12,6,0,1,12,46
46,126,185,100,67,34,6,3,3,2,6,4,1,7,4,5,5,2,0,8,4,38,12,6,0,1,11,1
1,153,140,22,82,13,2,6,3,5,3,3,0,7,4,1,6,4,5,5,1,39,14,7,0,1,10,8
8,153,23,65,34,111,5,3,2,5,4,1,1,5,4,0,6,4,2,6,2,38,17,9,0,1,9,19
19,22,64,46,79,124,5,3,1,0,5,4,0,5,4,2,6,1,5,2,2,38,20,10,0,1,8,32
32,34,62,74,77,64,5,2,1,1,6,1,0,5,3,5,1,2,0,5,4,38,22,11,0,1,7,19
19,48,94,58,47,64,0,6,1,0,4,3,5,0,2,4,2,1,0,5,4,39,24,11,0,1,6,32
32,77,46,57,48,64,0,3,3,3,2,1,4,0,2,0,6,1,0,5,4,40,25,11,0,1,5,19
19,43,94,1,48,64,3,0,2,0,2,3,3,1,1,0,6,1,0,5,4,40,27,11,0,1,4,32
32,93,31,58,48,64,0,1,3,2,0,2,3,0,1,0,6,1,0,5,4,40,29,11,0,1,3,19
19,43,45,79,48,64,1,0,2,2,0,1,0,1,2,0,6,1,0,5,4,41,29,12,0,1,2,9
9,78,57,46,48,64,0,0,2,0,0,2,1,0,1,0,6,1,0,5,4,42,30,12,0,1,1,19
78,103,50,174,91,26,11,8,4,11,8,4,11,8,4,11,8,4,11,8,4,4,3,3,2,5,24,67
67,39,105,161,102,37,10,8,4,10,8,4,10,8,4,10,8,4,10,8,4,9,2,2,1,5,22,112
112,23,135,89,86,51,9,8,4,10,7,4,10,7,4,10,7,4,9,8,4,10,5,1,0,5,20,125
125,39,52,67,161,13,8,8,4,10,6,4,10,7,3,10,6,4,9,7,4,10,8,2,0,5,19,131
131,128,52,86,79,23,10,5,4,7,8,4,10,5,4,10,7,2,8,7,4,11,10,3,0,5,18,130
130,22,111,102,67,140,8,6,4,10,7,1,10,4,4,7,7,4,10,5,3,10,13,5,0,5,17,131
131,132,66,112,65,103,9,5,3,6,7,4,9,7,1,8,5,4,9,4,4,13,14,5,0,5,16,130
130,102,63,82,114,125,8,4,4,8,4,4,5,7,4,8,5,3,8,7,1,16,15,5,0,5,15,139
139,112,131,140,79,127,7,7,1,7,5,3,5,6,4,8,3,4,8,3,4,17,18,5,0,5,14,154
154,98,115,125,111,153,7,3,4,7,3,4,6,5,3,6,7,1,5,6,3,20,18,6,0,5,13,155
155,114,131,110,163,184,6,3,4,5,5,3,6,3,4,6,7,0,5,5,3,22,19,7,0,5,12,167
167,191,130,126,111,196,6,6,0,4,5,3,5,3,4,5,3,4,4,5,3,25,20,7,0,5,11,168
168,153,165,184,124,140,5,3,3,6,5,0,3,5,3,3,5,3,4,3,4,27,21,8,0,5,10,155
155,130,133,180,168,166,2,5,3,4,2,4,5,5,0,2,5,3,4,3,3,30,22,8,0,5,9,156
156,184,181,193,124,157,1,5,3,3,3,3,4,5,0,1,5,3,4,1,4,33,23,8,0,5,8,140
140,193,185,194,138,180,2,3,3,4,0,4,3,5,0,0,5,3,1,4,3,35,25,8,0,5,7,89
89,192,128,180,153,138,2,5,0,4,0,3,1,3,3,1,3,3,0,5,3,37,26,8,0,5,6,55
55,124,184,191,140,138,1,2,3,1,2,3,1,5,0,4,0,2,0,5,3,38,28,9,0,4,5,29
29,179,185,111,133,138,0,5,0,0,2,3,0,2,3,3,0,2,0,5,3,42,27,9,0,4,4,17
17,187,67,140,179,138,0,1,3,0,2,2,2,0,2,0,5,0,0,5,3,43,28,10,0,3,3,7
7,128,79,126,179,138,0,0,3,0,2,1,1,0,2,0,5,0,0,5,3,43,29,11,0,3,2,17
17,115,89,63,179,138,0,0,2,0,0,2,0,1,1,0,5,0,0,5,3,43,30,12,0,3,1,30
127,91,26,50,123,138,11,8,4,11,8,4,11,8,4,11,8,4,11,8,4,4,3,3,2,5,24,133
133,152,124,38,72,15,10,8,4,10,8,4,10,8,4,10,8,4,10,8,4,8,3,3,2,5,23,157
